episode, reward, success, duration, steps, total_steps, memory length, avg_critic_loss, avg_actor_loss
9601, -5815.86911983788, 1, 28.57874206000008, 1715, 896945,                                             1000000, 0.0, 44353.5234375
9602, 2105.274044394493, 1, 1.7089957569999115, 99, 897044,                                             1000000, 0.0, 43924.5625
9603, -2628.000942647457, 2, 2.100483551000025, 107, 897151,                                             1000000, 0.0, 47985.11328125
9604, -2518.4902148246765, 2, 1.7016119239999625, 83, 897234,                                             1000000, 0.0, 41119.2421875
9605, -3142.1864490509033, 2, 2.6995637159998296, 146, 897380,                                             1000000, 0.0, 49329.66796875
9606, 1921.9031692743301, 1, 1.6992875549999553, 84, 897464,                                             1000000, 0.0, 46543.24609375
9607, 1654.8054797649384, 1, 1.7136172819998592, 106, 897570,                                             1000000, 0.0, 50466.390625
9608, 2002.57903778553, 1, 1.4996623110000655, 75, 897645,                                             1000000, 0.0, 48452.109375
9609, 1914.7721685171127, 1, 1.902332172999877, 98, 897743,                                             1000000, 0.0, 44934.05078125
9610, -2943.979528427124, 2, 3.1015871150000294, 172, 897915,                                             1000000, 0.0, 49817.37890625
9611, -2682.4999021291733, 2, 1.88410374099999, 104, 898019,                                             1000000, 0.0, 41392.08203125
9612, -2451.157278716564, 2, 1.3126410229999692, 79, 898098,                                             1000000, 0.0, 49283.109375
9613, 794.9578240513802, 1, 3.702025625000033, 209, 898307,                                             1000000, 0.0, 41892.55859375
9614, 1425.0153168439865, 1, 2.3018620319999172, 128, 898435,                                             1000000, 0.0, 47727.625
9615, 1575.2548034191132, 1, 3.113616575999913, 172, 898607,                                             1000000, 0.0, 43138.40234375
9616, 1344.814459502697, 1, 2.5117163190000156, 155, 898762,                                             1000000, 0.0, 47026.6640625
9617, -2551.6188731193542, 2, 1.6997358109999823, 83, 898845,                                             1000000, 0.0, 57980.80078125
9618, -2728.2063430547714, 2, 1.9126625829999284, 112, 898957,                                             1000000, 0.0, 46170.2578125
9619, 1561.161345243454, 1, 3.0991409129999283, 170, 899127,                                             1000000, 0.0, 42278.58984375
9620, 1876.9047243595123, 1, 1.5129130220000206, 85, 899212,                                             1000000, 0.0, 42062.15625
9621, -2365.6541324853897, 2, 1.42906380300019, 70, 899282,                                             1000000, 0.0, 46811.69921875
9622, 1680.411967754364, 1, 2.7116040070000054, 164, 899446,                                             1000000, 0.0, 43215.828125
9623, 1351.0960804224014, 1, 3.0993173940000815, 181, 899627,                                             1000000, 0.0, 47891.10546875
9624, 1856.223875284195, 1, 1.9001276639999105, 102, 899729,                                             1000000, 0.0, 45312.640625
9625, -2305.6267173290253, 2, 0.7117021560000012, 35, 899764,                                             1000000, 0.0, 47777.921875
9626, -2386.6587386131287, 2, 0.899099951999915, 38, 899802,                                             1000000, 0.0, 47887.59375
9627, 662.2575069665909, 1, 3.5001459550001073, 186, 899988,                                             1000000, 0.0, 48466.32421875
9628, -2768.3545318841934, 2, 2.1121804689998953, 120, 900108,                                             1000000, 0.0, 44452.2890625
9629, 1566.6291373968124, 1, 2.9000344470000528, 162, 900270,                                             1000000, 0.0, 45761.1328125
9630, 1924.7164219617844, 1, 2.0999162170001, 102, 900372,                                             1000000, 0.0, 49246.62109375
9631, 2040.9543523788452, 1, 1.3904269060001297, 77, 900449,                                             1000000, 0.0, 34230.89453125
9632, -2680.954006791115, 2, 1.6994082170001548, 83, 900532,                                             1000000, 0.0, 50672.6328125
9633, -2856.687595844269, 2, 1.7141223369999352, 99, 900631,                                             1000000, 0.0, 44052.87890625
9634, -3238.998969912529, 2, 3.9009047249999185, 223, 900854,                                             1000000, 0.0, 46956.63671875
9635, 2081.493726372719, 1, 1.5152408020001076, 91, 900945,                                             1000000, 0.0, 41078.3515625
9636, 1969.9477253556252, 1, 2.300509748999957, 120, 901065,                                             1000000, 0.0, 42819.18359375
9637, 1867.0508961677551, 1, 1.914137424000046, 109, 901174,                                             1000000, 0.0, 43432.296875
9638, 2076.3063658475876, 1, 1.500073865000104, 79, 901253,                                             1000000, 0.0, 40767.66015625
9639, -2955.4645451307297, 2, 1.7009664380000231, 88, 901341,                                             1000000, 0.0, 33548.49609375
9640, -2627.6089993715286, 2, 1.902100080999844, 98, 901439,                                             1000000, 0.0, 48088.96875
9641, 1700.076038479805, 1, 1.934544145000018, 108, 901547,                                             1000000, 0.0, 46875.07421875
9642, -2457.1477316617966, 2, 1.8989389639998535, 90, 901637,                                             1000000, 0.0, 47697.6015625
9643, -2484.8879930973053, 2, 1.3142592899998817, 76, 901713,                                             1000000, 0.0, 38378.953125
9644, 2095.8423100709915, 1, 2.0980079079999996, 112, 901825,                                             1000000, 0.0, 45506.71484375
9645, 1907.1182254552841, 1, 1.512592795000046, 91, 901916,                                             1000000, 0.0, 51565.5234375
9646, 1733.7333390116692, 1, 2.2986326280001776, 117, 902033,                                             1000000, 0.0, 37206.65234375
9647, 1624.8125244379044, 1, 2.3141131600000335, 133, 902166,                                             1000000, 0.0, 46227.41796875
9648, -3029.547292172909, 2, 3.099105831000088, 158, 902324,                                             1000000, 0.0, 42762.03125
9649, 1861.9560825824738, 1, 1.7002800510001634, 90, 902414,                                             1000000, 0.0, 45651.515625
9650, -3044.148263692856, 2, 1.911896385999853, 114, 902528,                                             1000000, 0.0, 48467.96484375
9651, 2034.128256380558, 1, 1.658115041999963, 88, 902616,                                             1000000, 0.0, 43577.47265625
9652, -2566.4363573789597, 2, 1.5171606880001036, 85, 902701,                                             1000000, 0.0, 42096.84375
9653, 1648.3643414974213, 1, 2.6983162430001357, 137, 902838,                                             1000000, 0.0, 46701.0
9654, 1751.9862670898438, 1, 1.7143050139998195, 105, 902943,                                             1000000, 0.0, 43874.8984375
9655, -3770.5261104106903, 2, 2.09954656900004, 112, 903055,                                             1000000, 0.0, 48646.44140625
9656, -2526.9083158373833, 2, 1.7009930789999999, 91, 903146,                                             1000000, 0.0, 46031.33203125
9657, -3111.93629527092, 2, 2.715806617999988, 163, 903309,                                             1000000, 0.0, 42858.91015625
9658, 1981.562456190586, 1, 2.097798538999996, 113, 903422,                                             1000000, 0.0, 43634.86328125
9659, 1248.269909620285, 1, 2.3138932030001342, 138, 903560,                                             1000000, 0.0, 48306.6171875
9660, -2493.1921288371086, 2, 1.9000912479998533, 98, 903658,                                             1000000, 0.0, 40662.82421875
9661, -2671.8303204774857, 2, 2.171086212000091, 112, 903770,                                             1000000, 0.0, 45821.89453125
9662, -2923.426187634468, 2, 2.0986193569999614, 116, 903886,                                             1000000, 0.0, 40575.06640625
9663, 1674.6277903318405, 1, 1.9121656550000807, 115, 904001,                                             1000000, 0.0, 43236.953125
9664, 1801.7116304039955, 1, 2.0984479060000467, 114, 904115,                                             1000000, 0.0, 38419.30859375
9665, -2337.047343969345, 2, 1.0998856449998584, 55, 904170,                                             1000000, 0.0, 36975.109375
9666, 2028.50836789608, 1, 1.7127717430000757, 96, 904266,                                             1000000, 0.0, 50663.73828125
9667, 1489.8521841168404, 1, 3.100216568000178, 166, 904432,                                             1000000, 0.0, 41836.33203125
9668, 1719.1087174415588, 1, 2.513912277999907, 145, 904577,                                             1000000, 0.0, 48185.8515625
9669, 969.8125079870224, 1, 2.499991447999946, 131, 904708,                                             1000000, 0.0, 44293.67578125
9670, 1755.2103196382523, 1, 2.1124811270001373, 117, 904825,                                             1000000, 0.0, 45065.51171875
9671, -2660.3129749298096, 2, 2.0460976370000026, 110, 904935,                                             1000000, 0.0, 38770.3828125
9672, 1724.6776803731918, 1, 2.102204439000161, 113, 905048,                                             1000000, 0.0, 42402.20703125
9673, -2925.8512972593307, 2, 2.1141341659999853, 121, 905169,                                             1000000, 0.0, 46460.30078125
9674, -2828.005651950836, 2, 2.3018848900001103, 120, 905289,                                             1000000, 0.0, 41666.03515625
9675, 1476.664738535881, 1, 2.1140422930000113, 125, 905414,                                             1000000, 0.0, 42848.8671875
9676, 599.0792030096054, 1, 3.299193368000033, 166, 905580,                                             1000000, 0.0, 48670.53515625
9677, -3046.3516364097595, 2, 2.7005198619999646, 142, 905722,                                             1000000, 0.0, 41970.8671875
9678, -2435.230559825897, 2, 0.7123208010000326, 39, 905761,                                             1000000, 0.0, 62219.8203125
9679, 640.3375123739243, 1, 3.500060769999891, 190, 905951,                                             1000000, 0.0, 51533.6171875
9680, 1555.1578818559647, 1, 2.5011271620001025, 133, 906084,                                             1000000, 0.0, 52998.015625
9681, 1717.1303298473358, 1, 2.439252452000119, 130, 906214,                                             1000000, 0.0, 42869.63671875
9682, 1671.0255156755447, 1, 2.3013421899997866, 124, 906338,                                             1000000, 0.0, 48813.79296875
9683, 1901.9431545734406, 1, 1.9144784140000866, 114, 906452,                                             1000000, 0.0, 44130.2734375
9684, 1284.1275909543037, 1, 2.8993962720001036, 154, 906606,                                             1000000, 0.0, 46066.66796875
9685, 1913.9295147657394, 1, 1.9132413290001296, 110, 906716,                                             1000000, 0.0, 47763.28125
9686, 1713.7668644189835, 1, 1.8978510460001417, 101, 906817,                                             1000000, 0.0, 41919.62890625
9687, -3029.944494843483, 2, 2.313875413000005, 129, 906946,                                             1000000, 0.0, 48341.88671875
9688, -2746.2615962028503, 2, 2.2983969650001654, 119, 907065,                                             1000000, 0.0, 47232.75390625
9689, -2797.1384271383286, 2, 1.7002350909999677, 90, 907155,                                             1000000, 0.0, 47965.3984375
9690, 1840.1381192207336, 1, 1.9137626589999854, 107, 907262,                                             1000000, 0.0, 49642.9296875
9691, -2674.7173578739166, 2, 2.085010622000027, 108, 907370,                                             1000000, 0.0, 43145.15625
9692, 1771.3085160255432, 1, 2.5132818039999165, 134, 907504,                                             1000000, 0.0, 42927.63671875
9693, 1273.4880172014236, 1, 2.699378042000035, 144, 907648,                                             1000000, 0.0, 44914.56640625
9694, 1891.1830923557281, 1, 1.51357350100011, 90, 907738,                                             1000000, 0.0, 46250.125
9695, 1164.8446073532104, 1, 3.0993122100001074, 179, 907917,                                             1000000, 0.0, 46542.91796875
9696, 1734.5177400112152, 1, 1.7023194070000045, 94, 908011,                                             1000000, 0.0, 46170.1015625
9697, 1879.1458102464676, 1, 1.9014698750002026, 103, 908114,                                             1000000, 0.0, 40206.61328125
9698, 1872.9810695648193, 1, 1.3144521399999576, 78, 908192,                                             1000000, 0.0, 39029.34375
9699, -2975.445448219776, 2, 2.7006629610000346, 150, 908342,                                             1000000, 0.0, 47539.56640625
9700, -3693.6545227766037, 2, 2.9148295410000173, 176, 908518,                                             1000000, 0.0, 41517.98046875
9701, -3724.855117201805, 2, 4.780305021000004, 267, 908785,                                             1000000, 0.0, 45878.171875
9702, 1576.3348424434662, 1, 2.3008560449998186, 122, 908907,                                             1000000, 0.0, 47839.71484375
9703, 1888.1751390695572, 1, 1.7139965559999837, 100, 909007,                                             1000000, 0.0, 45877.4140625
9704, -2752.8778015375137, 2, 2.299459145000128, 123, 909130,                                             1000000, 0.0, 44452.1328125
9705, -2859.3615872859955, 2, 2.1148829569999634, 119, 909249,                                             1000000, 0.0, 42468.60546875
9706, 1633.9138165712357, 1, 1.6993593349998264, 90, 909339,                                             1000000, 0.0, 47709.9609375
9707, 1796.6495450735092, 1, 2.299914069000124, 125, 909464,                                             1000000, 0.0, 48530.13671875
9708, 1777.4591399431229, 1, 2.5010414059997856, 133, 909597,                                             1000000, 0.0, 46884.74609375
9709, 2073.158922314644, 1, 1.5145732129999487, 88, 909685,                                             1000000, 0.0, 46995.23046875
9710, -3170.997623562813, 2, 2.2994754070000454, 129, 909814,                                             1000000, 0.0, 49719.734375
9711, -2866.393159866333, 2, 2.2665280290000283, 134, 909948,                                             1000000, 0.0, 38626.05859375
9712, -2625.275012612343, 2, 2.099374642999919, 115, 910063,                                             1000000, 0.0, 47622.0859375
9713, 1587.8101898431778, 1, 2.7127147149999473, 153, 910216,                                             1000000, 0.0, 47808.71875
9714, -2582.04962182045, 2, 1.9009329200000593, 101, 910317,                                             1000000, 0.0, 43753.265625
9715, 1962.873500943184, 1, 1.515123094000046, 94, 910411,                                             1000000, 0.0, 37222.11328125
9716, 1896.3065438270569, 1, 1.9010875200001465, 101, 910512,                                             1000000, 0.0, 46753.66796875
9717, 1889.011440038681, 1, 1.7024742349999542, 92, 910604,                                             1000000, 0.0, 37551.578125
9718, 1034.8859882354736, 1, 2.114613491, 124, 910728,                                             1000000, 0.0, 43805.328125
9719, -2665.0707268714905, 2, 1.9006592270000056, 98, 910826,                                             1000000, 0.0, 45507.0625
9720, 2008.4604181051254, 1, 1.500275899999906, 81, 910907,                                             1000000, 0.0, 51226.00390625
9721, 1907.65831387043, 1, 2.175007854000114, 121, 911028,                                             1000000, 0.0, 44314.59375
9722, 1819.388689994812, 1, 2.5002913700000136, 124, 911152,                                             1000000, 0.0, 44173.67578125
9723, -2611.3633737564087, 2, 1.6998628799999551, 81, 911233,                                             1000000, 0.0, 42366.25390625
9724, 1866.7374403476715, 1, 1.9136943640000936, 105, 911338,                                             1000000, 0.0, 47348.265625
9725, 1824.091127038002, 1, 2.1002634989999933, 108, 911446,                                             1000000, 0.0, 41367.296875
9726, -2768.457547068596, 2, 2.1156439639999007, 126, 911572,                                             1000000, 0.0, 45273.44140625
9727, -2748.253829598427, 2, 1.6997995509998418, 92, 911664,                                             1000000, 0.0, 48204.0859375
9728, 2104.35879445076, 1, 1.5018100249999407, 77, 911741,                                             1000000, 0.0, 42876.88671875
9729, -2681.6737958192825, 2, 1.5165888719998293, 84, 911825,                                             1000000, 0.0, 43069.8125
9730, -3097.6392857432365, 2, 2.501262701000087, 136, 911961,                                             1000000, 0.0, 47363.71484375
9731, 1581.9822076559067, 1, 2.479670911999847, 132, 912093,                                             1000000, 0.0, 45954.0859375
9732, 1568.8060883283615, 1, 2.5004329959999723, 131, 912224,                                             1000000, 0.0, 50030.2109375
9733, 1644.731498837471, 1, 2.5013902809998854, 129, 912353,                                             1000000, 0.0, 48068.7265625
9734, -2926.216435074806, 2, 2.313592751999977, 126, 912479,                                             1000000, 0.0, 53385.9140625
9735, -2645.4313431978226, 2, 2.1011800379999386, 107, 912586,                                             1000000, 0.0, 38620.9140625
9736, 1449.622519850731, 1, 2.3168217459999596, 141, 912727,                                             1000000, 0.0, 47977.34375
9737, 1343.997225522995, 1, 2.900812907000045, 160, 912887,                                             1000000, 0.0, 41854.72265625
9738, -3466.56820833683, 2, 2.7164103730001443, 156, 913043,                                             1000000, 0.0, 42532.421875
9739, -2464.1136277914047, 2, 1.6986864149998837, 83, 913126,                                             1000000, 0.0, 45659.8046875
9740, -3788.3437947034836, 2, 4.31346548700003, 239, 913365,                                             1000000, 0.0, 41818.5546875
9741, 1900.9628661870956, 1, 2.2356825639999443, 120, 913485,                                             1000000, 0.0, 45726.12890625
9742, -2795.087418794632, 2, 2.1150756470001397, 118, 913603,                                             1000000, 0.0, 43653.0546875
9743, 2022.6256482601166, 1, 1.8988280470000518, 95, 913698,                                             1000000, 0.0, 48258.42578125
9744, 1515.4937366247177, 1, 2.301453844000207, 118, 913816,                                             1000000, 0.0, 44068.4609375
9745, 1795.7697339057922, 1, 1.9155891190000602, 110, 913926,                                             1000000, 0.0, 46954.9375
9746, 1647.950298666954, 1, 2.2992758579998736, 121, 914047,                                             1000000, 0.0, 46534.9375
9747, -2697.0322864055634, 2, 1.7144319379999615, 95, 914142,                                             1000000, 0.0, 42743.44140625
9748, 1749.7128483653069, 1, 2.298744822000117, 119, 914261,                                             1000000, 0.0, 44774.9609375
9749, 1476.9248121976852, 1, 2.3004616329999408, 119, 914380,                                             1000000, 0.0, 43387.66796875
9750, -3004.2413141727448, 2, 2.1140267790001417, 123, 914503,                                             1000000, 0.0, 46320.1953125
9751, 2002.0843037366867, 1, 1.978859027999988, 96, 914599,                                             1000000, 0.0, 43945.20703125
9752, 1826.8572356700897, 1, 1.7148015210000267, 103, 914702,                                             1000000, 0.0, 49215.44140625
9753, 2147.9881042838097, 1, 1.498975683000026, 77, 914779,                                             1000000, 0.0, 46963.31640625
9754, 2098.042192220688, 1, 1.3133355400000255, 75, 914854,                                             1000000, 0.0, 38908.38671875
9755, 1567.5053989887238, 1, 2.6984657099999367, 157, 915011,                                             1000000, 0.0, 41713.72265625
9756, 1916.8608189821243, 1, 1.9145826110000144, 98, 915109,                                             1000000, 0.0, 51186.00390625
9757, -2904.516456961632, 2, 1.9007836559999305, 106, 915215,                                             1000000, 0.0, 54295.66015625
9758, 1842.5586912631989, 1, 1.316272218999984, 76, 915291,                                             1000000, 0.0, 48346.22265625
9759, 2174.085649371147, 1, 1.2998492809999789, 64, 915355,                                             1000000, 0.0, 36601.38671875
9760, 1980.288318514824, 1, 1.716126266999936, 96, 915451,                                             1000000, 0.0, 49978.21875
9761, 2194.357339501381, 1, 1.503459353999915, 72, 915523,                                             1000000, 0.0, 43123.86328125
9762, -2941.379328608513, 2, 2.116957756999909, 121, 915644,                                             1000000, 0.0, 40672.79296875
9763, -3107.6596162319183, 2, 2.500913902000093, 132, 915776,                                             1000000, 0.0, 44393.70703125
9764, -2344.368934750557, 2, 1.102563100999987, 45, 915821,                                             1000000, 0.0, 44310.60546875
9765, -3078.0163099765778, 2, 2.3007988060001026, 117, 915938,                                             1000000, 0.0, 43295.82421875
9766, 1239.8992632627487, 1, 2.9022689959999752, 153, 916091,                                             1000000, 0.0, 40788.3515625
9767, 2040.5090250968933, 1, 1.51535493900019, 88, 916179,                                             1000000, 0.0, 51096.7109375
9768, 1920.4039470553398, 1, 1.700368626999989, 88, 916267,                                             1000000, 0.0, 47128.99609375
9769, -2565.4590228796005, 2, 1.315142139000045, 72, 916339,                                             1000000, 0.0, 37859.3203125
9770, 1573.7948874235153, 1, 2.1008889539998563, 107, 916446,                                             1000000, 0.0, 43746.75390625
9771, -2604.060466647148, 2, 1.4036029830001553, 76, 916522,                                             1000000, 0.0, 42464.8671875
9772, -2816.7617934942245, 2, 2.300154826999915, 121, 916643,                                             1000000, 0.0, 46858.6328125
9773, -2786.9324522018433, 2, 1.7176107409998167, 88, 916731,                                             1000000, 0.0, 43236.265625
9774, -2549.14305216074, 2, 1.699169677999862, 76, 916807,                                             1000000, 0.0, 46548.88671875
9775, -3037.6873363256454, 2, 2.100739542999918, 100, 916907,                                             1000000, 0.0, 48408.30859375
9776, 1351.9770381450653, 1, 2.916290278000133, 171, 917078,                                             1000000, 0.0, 45051.203125
9777, 1981.6529667973518, 1, 2.0992561100001694, 107, 917185,                                             1000000, 0.0, 39575.20703125
9778, -2622.688740968704, 2, 1.5164928940000664, 92, 917277,                                             1000000, 0.0, 41388.17578125
9779, -2574.906902909279, 2, 1.698464013000148, 88, 917365,                                             1000000, 0.0, 52445.81640625
9780, 1592.5772638320923, 1, 1.7140633169999546, 100, 917465,                                             1000000, 0.0, 42122.96484375
9781, -3238.6029855012894, 2, 2.3721836770000664, 131, 917596,                                             1000000, 0.0, 46803.30078125
9782, -2999.6450464725494, 2, 2.1010351889999583, 105, 917701,                                             1000000, 0.0, 40066.11328125
9783, -3074.9120349884033, 2, 2.1152982349999547, 122, 917823,                                             1000000, 0.0, 40260.8984375
9784, -2609.2273972034454, 2, 1.5009470610000335, 68, 917891,                                             1000000, 0.0, 53934.359375
9785, 1857.6734195947647, 1, 1.7158183989999998, 103, 917994,                                             1000000, 0.0, 47452.7421875
9786, -2637.5262300372124, 2, 1.6993369809999876, 90, 918084,                                             1000000, 0.0, 45028.39453125
9787, -2663.7470034360886, 2, 1.90042660600011, 98, 918182,                                             1000000, 0.0, 45258.25390625
9788, -2972.1690047979355, 2, 1.7150049930000932, 105, 918287,                                             1000000, 0.0, 39090.015625
9789, -2699.155739068985, 2, 1.7007140850000724, 87, 918374,                                             1000000, 0.0, 46296.80859375
9790, -2754.4274151325226, 2, 1.7145975789999284, 102, 918476,                                             1000000, 0.0, 48224.59375
9791, -2683.114526629448, 2, 1.7235419460000685, 93, 918569,                                             1000000, 0.0, 48613.78125
9792, -2854.784508228302, 2, 1.7189632510001047, 99, 918668,                                             1000000, 0.0, 47852.10546875
9793, 1861.0851073861122, 1, 1.8991434819999995, 105, 918773,                                             1000000, 0.0, 41182.21484375
9794, -2937.1517593860626, 2, 2.3008702980000635, 119, 918892,                                             1000000, 0.0, 48002.265625
9795, -2766.8784950971603, 2, 1.7129919740000332, 96, 918988,                                             1000000, 0.0, 44384.93359375
9796, -2691.4907696843147, 2, 1.8994897009999931, 104, 919092,                                             1000000, 0.0, 44554.51953125
9797, 1812.795145392418, 1, 1.9133882010000889, 109, 919201,                                             1000000, 0.0, 47968.02734375
9798, 1585.6690227985382, 1, 2.6990867839999737, 147, 919348,                                             1000000, 0.0, 39139.98828125
9799, -2376.7646946907043, 2, 0.9151059700000133, 51, 919399,                                             1000000, 0.0, 55946.1484375
9800, 1874.733538866043, 1, 2.298782615000164, 125, 919524,                                             1000000, 0.0, 42325.5390625
9801, -3112.2393540143967, 2, 2.4118161900000814, 151, 919675,                                             1000000, 0.0, 47562.55078125
9802, -4503.00962972641, 2, 5.099941140000055, 299, 919974,                                             1000000, 0.0, 41909.05859375
9803, -2729.674121260643, 2, 1.5151181070000348, 93, 920067,                                             1000000, 0.0, 43959.49609375
9804, -3935.1168056726456, 2, 5.900697125000079, 343, 920410,                                             1000000, 0.0, 47011.13671875
9805, -2643.224306344986, 2, 1.700002166999866, 83, 920493,                                             1000000, 0.0, 46860.65234375
9806, -2753.0578948259354, 2, 1.9172218300000168, 114, 920607,                                             1000000, 0.0, 49112.9375
9807, 2001.9574506282806, 1, 1.9006998899999417, 98, 920705,                                             1000000, 0.0, 35757.1015625
9808, -2980.611018538475, 2, 2.115241081000022, 120, 920825,                                             1000000, 0.0, 47330.859375
9809, -2851.8695793151855, 2, 1.5005977499999972, 70, 920895,                                             1000000, 0.0, 47480.44140625
9810, -3180.9160489439964, 2, 2.3150927169999704, 134, 921029,                                             1000000, 0.0, 42907.30859375
9811, -2323.326628804207, 2, 0.9942332699999952, 49, 921078,                                             1000000, 0.0, 42525.05859375
9812, -3124.2147586345673, 2, 1.7155923200000416, 105, 921183,                                             1000000, 0.0, 46685.39453125
9813, -3214.539254128933, 2, 2.901059217000011, 159, 921342,                                             1000000, 0.0, 47913.16796875
9814, 1711.930277466774, 1, 1.91588065499991, 120, 921462,                                             1000000, 0.0, 51087.6484375
9815, -2822.8641064167023, 2, 1.5002997209999194, 70, 921532,                                             1000000, 0.0, 43747.9375
9816, -2486.424421966076, 2, 1.5151214320001145, 84, 921616,                                             1000000, 0.0, 44181.796875
9817, -2735.826865673065, 2, 1.3001274930002182, 63, 921679,                                             1000000, 0.0, 54586.87890625
9818, 1421.30952334404, 1, 2.517353170000206, 154, 921833,                                             1000000, 0.0, 48382.96875
9819, -2560.4666223526, 2, 1.1005028929998844, 57, 921890,                                             1000000, 0.0, 50188.78125
9820, -2744.2262258529663, 2, 1.3019246230001045, 67, 921957,                                             1000000, 0.0, 57421.0546875
9821, -3053.213157773018, 2, 3.547120017999987, 202, 922159,                                             1000000, 0.0, 50475.04296875
9822, 2008.9312525987625, 1, 1.902304888999879, 97, 922256,                                             1000000, 0.0, 39659.78515625
9823, -2800.3670760393143, 2, 1.7173702640000101, 101, 922357,                                             1000000, 0.0, 45664.9609375
9824, 1140.6570653915405, 1, 3.099143558999913, 168, 922525,                                             1000000, 0.0, 45352.33203125
9825, -2964.3881883621216, 2, 2.515185223999879, 158, 922683,                                             1000000, 0.0, 52526.8828125
9826, -3054.3292760849, 2, 1.4982748639999954, 76, 922759,                                             1000000, 0.0, 43144.75
9827, -2688.011481642723, 2, 1.914918802000102, 118, 922877,                                             1000000, 0.0, 50588.31640625
9828, 1621.6449667215347, 1, 1.4997866579999481, 80, 922957,                                             1000000, 0.0, 41865.15625
9829, 1644.6626566648483, 1, 1.9141654990000916, 117, 923074,                                             1000000, 0.0, 49742.89453125
9830, 1819.8315768837929, 1, 2.4988417099998514, 134, 923208,                                             1000000, 0.0, 47640.3203125
9831, -3070.944835305214, 2, 2.4704042569999274, 135, 923343,                                             1000000, 0.0, 51571.5625
9832, -2710.5886313915253, 2, 1.7151644580001175, 103, 923446,                                             1000000, 0.0, 43667.99609375
9833, -2445.1384202241898, 2, 1.6994022500000483, 79, 923525,                                             1000000, 0.0, 43911.671875
9834, 1750.9541639089584, 1, 1.313637978000088, 73, 923598,                                             1000000, 0.0, 47345.90625
9835, -2701.973758161068, 2, 2.4995626190000166, 127, 923725,                                             1000000, 0.0, 47948.9140625
9836, -2560.8426250219345, 2, 1.515873332999945, 89, 923814,                                             1000000, 0.0, 46413.04296875
9837, 1830.502992928028, 1, 2.098695479000071, 115, 923929,                                             1000000, 0.0, 53261.3203125
9838, -2891.0125749111176, 2, 1.7144635009999547, 98, 924027,                                             1000000, 0.0, 52007.96484375
9839, -2885.872713327408, 2, 2.4987915130000147, 140, 924167,                                             1000000, 0.0, 38519.31640625
9840, -2285.3136430978775, 2, 0.9259589450000476, 43, 924210,                                             1000000, 0.0, 42243.890625
9841, -2552.822883963585, 2, 1.5014148830000522, 71, 924281,                                             1000000, 0.0, 36321.7265625
9842, -2653.424984574318, 2, 1.7025890580000578, 82, 924363,                                             1000000, 0.0, 44126.89453125
9843, 1572.5704669952393, 1, 1.7005358070000511, 90, 924453,                                             1000000, 0.0, 41040.6484375
9844, 445.54562413692474, 1, 4.103511192000042, 232, 924685,                                             1000000, 0.0, 47086.5703125
9845, 1587.4552793502808, 1, 2.102095676999852, 111, 924796,                                             1000000, 0.0, 46467.98828125
9846, 919.581792473793, 1, 1.9162708730000304, 107, 924903,                                             1000000, 0.0, 47450.26171875
9847, -3411.2085733413696, 2, 2.501745893999896, 132, 925035,                                             1000000, 0.0, 47763.109375
9848, -2862.1272290945053, 2, 1.9022541819999788, 96, 925131,                                             1000000, 0.0, 47198.48046875
9849, 1647.3146184682846, 1, 2.102459028000112, 119, 925250,                                             1000000, 0.0, 50309.7265625
9850, -2681.6361083984375, 2, 1.901646602000028, 103, 925353,                                             1000000, 0.0, 50876.6796875
9851, 1927.5341510772705, 1, 1.9074325450001197, 99, 925452,                                             1000000, 0.0, 62086.703125
9852, 1883.9105927944183, 1, 1.702039146999823, 81, 925533,                                             1000000, 0.0, 51694.0625
9853, -3135.1920008659363, 2, 2.317167839000149, 134, 925667,                                             1000000, 0.0, 47357.02734375
9854, -2298.6531777977943, 2, 0.9004336069999681, 42, 925709,                                             1000000, 0.0, 39860.3359375
9855, -2848.588871240616, 2, 1.902391630000011, 102, 925811,                                             1000000, 0.0, 44479.890625
9856, -2416.1044070720673, 2, 1.1016152360000433, 50, 925861,                                             1000000, 0.0, 50298.59375
9857, 1895.8105292320251, 1, 1.5198190329999761, 82, 925943,                                             1000000, 0.0, 46573.390625
9858, -3276.3907227516174, 2, 2.698944703000052, 145, 926088,                                             1000000, 0.0, 45395.515625
9859, -2780.4201871156693, 2, 1.7134817690000546, 105, 926193,                                             1000000, 0.0, 40835.6484375
9860, -2833.7036887407303, 2, 1.8992236870001307, 95, 926288,                                             1000000, 0.0, 41139.73828125
9861, -2921.241159796715, 2, 2.441216691999898, 129, 926417,                                             1000000, 0.0, 43590.34375
9862, 1715.1780768632889, 1, 2.115535235000152, 123, 926540,                                             1000000, 0.0, 44762.765625
9863, 1584.4601144194603, 1, 2.298592247999977, 117, 926657,                                             1000000, 0.0, 51045.65234375
9864, -2354.489303588867, 2, 0.9148381349998544, 51, 926708,                                             1000000, 0.0, 45510.99609375
9865, 1426.540881037712, 1, 2.2992219479999676, 124, 926832,                                             1000000, 0.0, 48626.80078125
9866, -2910.1542942523956, 2, 2.100358088000121, 114, 926946,                                             1000000, 0.0, 59575.9609375
9867, -2869.3463685512543, 2, 2.701468977000104, 141, 927087,                                             1000000, 0.0, 50647.25390625
9868, -3507.0629202127457, 2, 3.5010381679999227, 192, 927279,                                             1000000, 0.0, 48444.41015625
9869, -2976.074932575226, 2, 1.9005195889999413, 105, 927384,                                             1000000, 0.0, 52148.0
9870, 1801.6041870117188, 1, 2.301899340999853, 111, 927495,                                             1000000, 0.0, 37266.11328125
9871, -3368.8830568790436, 2, 2.761340415999939, 138, 927633,                                             1000000, 0.0, 41678.94140625
9872, -2857.639403939247, 2, 1.9155570739999348, 114, 927747,                                             1000000, 0.0, 53291.0390625
9873, 1990.1243135929108, 1, 2.4997266870000203, 126, 927873,                                             1000000, 0.0, 46943.60546875
9874, 1925.3032081127167, 1, 2.101388691000011, 105, 927978,                                             1000000, 0.0, 49631.3046875
9875, -2820.72587954998, 2, 1.9177457989999311, 111, 928089,                                             1000000, 0.0, 47913.62109375
9876, 2164.8664006888866, 1, 1.6981855589999668, 85, 928174,                                             1000000, 0.0, 40294.9609375
9877, 1609.2818830013275, 1, 2.3188718050000716, 124, 928298,                                             1000000, 0.0, 47464.796875
9878, -2759.8693907260895, 2, 2.4986702530000002, 124, 928422,                                             1000000, 0.0, 49117.96875
9879, 1465.8675050735474, 1, 2.7166232770000533, 160, 928582,                                             1000000, 0.0, 47475.8515625
9880, -2353.800139427185, 2, 0.8989597679999406, 38, 928620,                                             1000000, 0.0, 52577.37109375
9881, 572.9454991817474, 1, 4.968158786999993, 299, 928919,                                             1000000, 0.0, 48960.49609375
9882, -3364.378809452057, 2, 3.8996472580001864, 205, 929124,                                             1000000, 0.0, 42634.1953125
9883, 2057.054890394211, 1, 1.5002538769999774, 80, 929204,                                             1000000, 0.0, 49365.28515625
9884, -2711.448999643326, 2, 1.3147140139999465, 76, 929280,                                             1000000, 0.0, 36964.34765625
9885, 2220.8432714939117, 1, 1.29860106000001, 69, 929349,                                             1000000, 0.0, 46517.828125
9886, -2849.763934493065, 2, 2.1157716269999582, 116, 929465,                                             1000000, 0.0, 39890.27734375
9887, 2127.5417450666428, 1, 1.698333914000159, 80, 929545,                                             1000000, 0.0, 43486.22265625
9888, -2837.554821252823, 2, 2.500279051000007, 131, 929676,                                             1000000, 0.0, 40760.83203125
9889, -2723.2814786434174, 2, 1.9191048699999556, 102, 929778,                                             1000000, 0.0, 49326.37109375
9890, 2092.014617741108, 1, 2.0994341420000637, 100, 929878,                                             1000000, 0.0, 45690.328125
9891, -3015.5182169675827, 2, 2.4189289139999346, 144, 930022,                                             1000000, 0.0, 45577.39453125
9892, -2927.5356645584106, 2, 2.899691463999943, 160, 930182,                                             1000000, 0.0, 44022.70703125
9893, -2842.095473408699, 2, 2.1148395089999212, 129, 930311,                                             1000000, 0.0, 46755.25
9894, 1233.8767694234848, 1, 2.4996549800000594, 143, 930454,                                             1000000, 0.0, 39371.3046875
9895, -2867.0318195819855, 2, 2.115336151000065, 127, 930581,                                             1000000, 0.0, 52044.0390625
9896, 1397.1896024942398, 1, 3.099219024999911, 170, 930751,                                             1000000, 0.0, 44897.3984375
9897, -2987.2018349170685, 2, 1.700456344000031, 86, 930837,                                             1000000, 0.0, 40668.85546875
9898, -2553.2672687768936, 2, 1.315620294000155, 80, 930917,                                             1000000, 0.0, 45634.6171875
9899, -3010.154918909073, 2, 2.299107427000081, 118, 931035,                                             1000000, 0.0, 45271.51171875
9900, 1863.9650966525078, 1, 1.9158467409999957, 101, 931136,                                             1000000, 0.0, 48723.7890625
9901, 1878.5225982666016, 1, 2.206444336000004, 117, 931253,                                             1000000, 0.0, 38502.8515625
9902, -2803.0570516586304, 2, 1.9151136059999772, 114, 931367,                                             1000000, 0.0, 48854.70703125
9903, -2614.463238477707, 2, 2.098853762999852, 102, 931469,                                             1000000, 0.0, 44354.55078125
9904, -2492.0113961696625, 2, 1.5163469940000596, 84, 931553,                                             1000000, 0.0, 38002.609375
9905, 1784.000794351101, 1, 1.8985107330001938, 99, 931652,                                             1000000, 0.0, 40782.3203125
9906, 1906.1789182424545, 1, 1.712791984999967, 96, 931748,                                             1000000, 0.0, 55127.33984375
9907, 1022.5281487703323, 1, 2.899885768000104, 166, 931914,                                             1000000, 0.0, 48530.16796875
9908, -2609.6301575899124, 2, 1.700555809999969, 94, 932008,                                             1000000, 0.0, 37937.58984375
9909, -3402.699035167694, 2, 2.500966529999914, 140, 932148,                                             1000000, 0.0, 45763.83984375
9910, -2613.2973277568817, 2, 1.9201970579999852, 102, 932250,                                             1000000, 0.0, 47160.921875
9911, 1500.4643920063972, 1, 2.001507400999799, 95, 932345,                                             1000000, 0.0, 43268.3125
9912, 1351.9290963411331, 1, 2.116465036999898, 128, 932473,                                             1000000, 0.0, 45697.90625
9913, 2018.2137672305107, 1, 2.0996759150000344, 100, 932573,                                             1000000, 0.0, 44503.2890625
9914, -2635.094428062439, 2, 1.7167979870000636, 98, 932671,                                             1000000, 0.0, 46937.1796875
9915, 1678.392969250679, 1, 2.2998444189997826, 118, 932789,                                             1000000, 0.0, 45867.453125
9916, -2700.7376996278763, 2, 1.9139544219999607, 111, 932900,                                             1000000, 0.0, 46798.5390625
9917, -3220.665716290474, 2, 3.700697669999954, 214, 933114,                                             1000000, 0.0, 42672.5234375
9918, -2588.1543678045273, 2, 1.7176990850000493, 93, 933207,                                             1000000, 0.0, 44828.95703125
9919, -2564.278442621231, 2, 1.6992576819998249, 83, 933290,                                             1000000, 0.0, 42292.0078125
9920, -2778.319508433342, 2, 2.1132891449999534, 119, 933409,                                             1000000, 0.0, 51718.57421875
9921, -2775.478232383728, 2, 2.919140445000039, 147, 933556,                                             1000000, 0.0, 45539.76171875
9922, 2075.7141308784485, 1, 1.518640699000116, 78, 933634,                                             1000000, 0.0, 42228.8828125
9923, 2173.863159954548, 1, 1.298509496999941, 63, 933697,                                             1000000, 0.0, 51535.75390625
9924, -3045.0868923664093, 2, 2.3007958409998537, 117, 933814,                                             1000000, 0.0, 51043.52734375
9925, -3448.897204041481, 2, 4.102225462999968, 232, 934046,                                             1000000, 0.0, 46535.8828125
9926, -2827.4610382318497, 2, 2.3143880770001033, 132, 934178,                                             1000000, 0.0, 49119.0234375
9927, 1867.7809320688248, 1, 1.8987489900000583, 101, 934279,                                             1000000, 0.0, 40544.984375
9928, 1691.1987706422806, 1, 2.3003934770001706, 127, 934406,                                             1000000, 0.0, 39812.84765625
9929, -2535.4761023521423, 2, 1.3153955810000753, 78, 934484,                                             1000000, 0.0, 46364.0078125
9930, -2800.662457883358, 2, 2.4997839440000007, 131, 934615,                                             1000000, 0.0, 48318.81640625
9931, 998.8552323579788, 1, 3.38553199099988, 211, 934826,                                             1000000, 0.0, 42265.36328125
9932, 1937.4956061840057, 1, 1.8997110139998767, 102, 934928,                                             1000000, 0.0, 47635.2734375
9933, -2663.7226651906967, 2, 2.1011887370000295, 104, 935032,                                             1000000, 0.0, 42903.1015625
9934, -2839.331267595291, 2, 1.9141419029999724, 116, 935148,                                             1000000, 0.0, 43384.765625
9935, -2935.0629819631577, 2, 2.900223422000181, 159, 935307,                                             1000000, 0.0, 45850.5234375
9936, -2860.743329524994, 2, 2.116024776000131, 116, 935423,                                             1000000, 0.0, 42088.19140625
9937, -2740.364246726036, 2, 2.099642666999898, 120, 935543,                                             1000000, 0.0, 40091.6796875
9938, 1040.4703516960144, 1, 3.5190081999999165, 193, 935736,                                             1000000, 0.0, 43401.05859375
9939, -3044.1262304782867, 2, 2.099509747999946, 102, 935838,                                             1000000, 0.0, 42835.4609375
9940, -2607.366328239441, 2, 1.916352518999929, 104, 935942,                                             1000000, 0.0, 48849.23046875
9941, -2551.6153940558434, 2, 1.8342759239999396, 87, 936029,                                             1000000, 0.0, 47903.484375
9942, -2643.743851661682, 2, 1.7171820439998555, 92, 936121,                                             1000000, 0.0, 47516.45703125
9943, -2994.35984814167, 2, 2.699862512999971, 147, 936268,                                             1000000, 0.0, 49578.4609375
9944, 1584.220819234848, 1, 2.3196417020003537, 134, 936402,                                             1000000, 0.0, 50045.5625
9945, -3150.126446723938, 2, 1.8979542389997732, 93, 936495,                                             1000000, 0.0, 43258.16796875
9946, -2708.6160672307014, 2, 2.120332746999793, 117, 936612,                                             1000000, 0.0, 45162.96875
9947, -3069.1141917705536, 2, 1.698964012000033, 82, 936694,                                             1000000, 0.0, 59313.9453125
9948, 663.6078962087631, 1, 2.700819569000032, 146, 936840,                                             1000000, 0.0, 44083.7734375
9949, -3309.1637617349625, 2, 2.517212686000221, 151, 936991,                                             1000000, 0.0, 48960.625
9950, -2637.303811967373, 2, 1.898910332000014, 95, 937086,                                             1000000, 0.0, 39685.74609375
9951, -2979.953877568245, 2, 1.6483901579999838, 102, 937188,                                             1000000, 0.0, 46046.2734375
9952, -2784.642637014389, 2, 2.099398269000176, 115, 937303,                                             1000000, 0.0, 40967.19140625
9953, -3608.136757016182, 2, 2.714561494999998, 159, 937462,                                             1000000, 0.0, 49251.09375
9954, -2772.9763788580894, 2, 2.2994624599996314, 124, 937586,                                             1000000, 0.0, 46919.21484375
9955, -3430.313334584236, 2, 2.517349523000121, 147, 937733,                                             1000000, 0.0, 36693.8515625
9956, -2704.8747853040695, 2, 2.2981994110000414, 126, 937859,                                             1000000, 0.0, 50887.98046875
9957, -2644.405323266983, 2, 1.9144184209999366, 105, 937964,                                             1000000, 0.0, 49535.30078125
9958, -3832.8892663121223, 2, 2.8992188970000825, 159, 938123,                                             1000000, 0.0, 45413.859375
9959, 1442.13556432724, 1, 2.51564489600014, 138, 938261,                                             1000000, 0.0, 47697.59375
9960, -2840.958667755127, 2, 2.499241567000354, 136, 938397,                                             1000000, 0.0, 44585.5859375
9961, -2662.1881761550903, 2, 1.907103250000091, 105, 938502,                                             1000000, 0.0, 45510.0
9962, -2670.2389169335365, 2, 1.89883514200028, 100, 938602,                                             1000000, 0.0, 52967.3515625
9963, 1824.2806277275085, 1, 1.7163452039999356, 96, 938698,                                             1000000, 0.0, 49388.69140625
9964, 1621.864131629467, 1, 1.89856001499993, 102, 938800,                                             1000000, 0.0, 44996.16015625
9965, -3176.130254626274, 2, 2.3169741480000994, 137, 938937,                                             1000000, 0.0, 55849.52734375
9966, -3032.1627247333527, 2, 2.0977889799996774, 109, 939046,                                             1000000, 0.0, 50980.33203125
9967, -2531.0641798973083, 2, 1.3005912720000197, 61, 939107,                                             1000000, 0.0, 48851.6640625
9968, -2826.245652079582, 2, 2.5017647399999987, 131, 939238,                                             1000000, 0.0, 49305.453125
9969, -3303.927749276161, 2, 1.9168707819999327, 112, 939350,                                             1000000, 0.0, 41167.9765625
9970, -3360.9804055690765, 2, 2.2991234740002255, 118, 939468,                                             1000000, 0.0, 47514.21875
9971, -3406.860638856888, 2, 1.6023337870001342, 95, 939563,                                             1000000, 0.0, 52436.84375
9972, -3654.4591352939606, 2, 2.2996454839999387, 115, 939678,                                             1000000, 0.0, 49072.52734375
9973, 1633.82885658741, 1, 2.718975304000196, 153, 939831,                                             1000000, 0.0, 43026.9140625
9974, 1638.3420674800873, 1, 2.2995648719997916, 124, 939955,                                             1000000, 0.0, 52503.01171875
9975, -3589.0455751419067, 2, 2.1005298810000568, 103, 940058,                                             1000000, 0.0, 46619.0078125
9976, -3334.226169347763, 2, 2.3008764430001065, 120, 940178,                                             1000000, 0.0, 47146.20703125
9977, -3313.276066839695, 2, 2.3170071800000187, 137, 940315,                                             1000000, 0.0, 42252.59375
9978, 1767.5555770397186, 1, 1.6978746980003052, 90, 940405,                                             1000000, 0.0, 54986.70703125
9979, 1463.0392694473267, 1, 2.3171154730002854, 137, 940542,                                             1000000, 0.0, 49761.24609375
9980, -2862.7297417521477, 2, 1.8986400249996223, 97, 940639,                                             1000000, 0.0, 52468.19140625
9981, -2552.8764926195145, 2, 1.3500767850000557, 77, 940716,                                             1000000, 0.0, 49698.29296875
9982, -3001.2544322013855, 2, 2.099607229999947, 106, 940822,                                             1000000, 0.0, 43689.2265625
9983, -3328.3146361112595, 2, 2.1004152559999056, 107, 940929,                                             1000000, 0.0, 51693.625
9984, -2898.392970561981, 2, 2.5155270750001364, 134, 941063,                                             1000000, 0.0, 39826.1484375
9985, 1674.9831420183182, 1, 2.4996124419999433, 119, 941182,                                             1000000, 0.0, 43699.2578125
9986, -3495.356469631195, 2, 3.3151661329998205, 177, 941359,                                             1000000, 0.0, 49351.33984375
9987, -2900.181876897812, 2, 1.8986604639999314, 97, 941456,                                             1000000, 0.0, 46407.93359375
9988, 1738.7985812425613, 1, 2.7002240820002044, 137, 941593,                                             1000000, 0.0, 50483.8203125
9989, -3088.661213159561, 2, 2.5148030059999655, 146, 941739,                                             1000000, 0.0, 44404.34765625
9990, -3025.2235567569733, 2, 2.098752959000194, 104, 941843,                                             1000000, 0.0, 48348.5
9991, -3050.756814956665, 2, 2.052480982999896, 101, 941944,                                             1000000, 0.0, 53527.70703125
9992, -3210.1291444301605, 2, 2.1166100039999947, 119, 942063,                                             1000000, 0.0, 43495.484375
9993, -3012.545798897743, 2, 2.899697705000108, 162, 942225,                                             1000000, 0.0, 49913.56640625
9994, -3135.377509713173, 2, 1.9008658810002999, 97, 942322,                                             1000000, 0.0, 52042.01171875
9995, 1600.0679315328598, 1, 1.5170529480001278, 90, 942412,                                             1000000, 0.0, 44860.296875
9996, -2585.772918701172, 2, 1.6987988030000452, 92, 942504,                                             1000000, 0.0, 50183.93359375
9997, -2904.7211817502975, 2, 2.500893329000064, 133, 942637,                                             1000000, 0.0, 49731.203125
9998, -3152.4837683439255, 2, 2.3154622140000356, 132, 942769,                                             1000000, 0.0, 40473.44921875
9999, 1124.4585545063019, 1, 2.499154157999783, 140, 942909,                                             1000000, 0.0, 46928.32421875
10000, 1718.4841965436935, 1, 1.915704748999815, 108, 943017,                                             1000000, 0.0, 39660.7578125
10001, 1815.6272615790367, 1, 2.1746952710000187, 115, 943132,                                             1000000, 0.0, 46971.5859375
10002, 1597.301162481308, 1, 2.1146784269999443, 123, 943255,                                             1000000, 0.0, 45142.31640625
10003, 1962.9551613926888, 1, 1.6987979370001085, 83, 943338,                                             1000000, 0.0, 41025.79296875
10004, 1707.671978712082, 1, 1.716356875999736, 95, 943433,                                             1000000, 0.0, 48539.453125
10005, -2815.3739755153656, 2, 1.8991110080000908, 94, 943527,                                             1000000, 0.0, 45910.96875
10006, -3224.841786146164, 2, 1.9168795609998597, 107, 943634,                                             1000000, 0.0, 50256.28515625
10007, -2527.376973092556, 2, 1.2987100630002715, 63, 943697,                                             1000000, 0.0, 44651.73046875
10008, -2565.4402101039886, 2, 1.7158788400001868, 96, 943793,                                             1000000, 0.0, 36446.859375
10009, -3277.535353422165, 2, 1.6984946580000724, 92, 943885,                                             1000000, 0.0, 44637.60546875
10010, -2844.883898496628, 2, 2.1171418769999946, 124, 944009,                                             1000000, 0.0, 44350.9609375
10011, 1598.2463487386703, 1, 2.1175825129998884, 107, 944116,                                             1000000, 0.0, 47490.828125
10012, 1588.377900481224, 1, 1.9270206779997352, 107, 944223,                                             1000000, 0.0, 45578.01953125
10013, 1956.8945967555046, 1, 2.098273772000084, 111, 944334,                                             1000000, 0.0, 50052.7734375
10014, -2998.152107000351, 2, 1.9154348110000683, 102, 944436,                                             1000000, 0.0, 49303.3671875
10015, -3300.331537902355, 2, 2.0986439359999167, 105, 944541,                                             1000000, 0.0, 44471.484375
10016, 1704.2995913624763, 1, 2.3011933220000174, 120, 944661,                                             1000000, 0.0, 48057.5078125
10017, -3052.6686207056046, 2, 1.716566599000089, 99, 944760,                                             1000000, 0.0, 46813.953125
10018, 2037.9437832832336, 1, 1.7003647149999779, 79, 944839,                                             1000000, 0.0, 39861.3515625
10019, -2985.9553899765015, 2, 1.7157391769997048, 95, 944934,                                             1000000, 0.0, 43891.13671875
