episode, reward, success, duration, steps, total_steps, memory length, avg_critic_loss, avg_actor_loss
9101, 2475.448257446289, 1, 0.7632307329986361, 2, 832814,                                             1000000, 0.0, 28246.361328125
9102, 1878.660472214222, 1, 2.914550612000312, 154, 832968,                                             1000000, 0.0, 44129.0078125
9103, -4539.362476944923, 2, 4.7015870720024395, 263, 833231,                                             1000000, 0.0, 43860.2734375
9104, -2983.024587750435, 2, 2.115756937000697, 120, 833351,                                             1000000, 0.0, 44820.56640625
9105, -2697.913141608238, 2, 2.3014794579976297, 121, 833472,                                             1000000, 0.0, 41615.83984375
9106, -2368.9797093868256, 2, 1.1013375359980273, 50, 833522,                                             1000000, 0.0, 34949.546875
9107, -2697.798493862152, 2, 1.7169368119975843, 99, 833621,                                             1000000, 0.0, 48115.0546875
9108, -2711.430808067322, 2, 1.6999052870014566, 83, 833704,                                             1000000, 0.0, 47355.44140625
9109, -2592.1540421247482, 2, 1.7165400680023595, 97, 833801,                                             1000000, 0.0, 48655.71484375
9110, -3552.391008615494, 2, 4.9011415370005125, 270, 834071,                                             1000000, 0.0, 43179.33203125
9111, -2508.07591176033, 2, 1.6673432839997986, 88, 834159,                                             1000000, 0.0, 45887.98046875
9112, 1289.8200239539146, 1, 3.102562216001388, 177, 834336,                                             1000000, 0.0, 40866.91796875
9113, -2791.5481482744217, 2, 2.102324043000408, 105, 834441,                                             1000000, 0.0, 45841.23828125
9114, -2921.616115450859, 2, 2.902400564002164, 163, 834604,                                             1000000, 0.0, 44563.5234375
9115, 1671.1022808551788, 1, 2.1022678569970594, 108, 834712,                                             1000000, 0.0, 42944.828125
9116, 1920.6395373344421, 1, 1.7020958060020348, 86, 834798,                                             1000000, 0.0, 41347.1875
9117, -2616.495214819908, 2, 1.9024656590008817, 95, 834893,                                             1000000, 0.0, 47145.95703125
9118, 2006.8209171295166, 1, 1.516676183000527, 84, 834977,                                             1000000, 0.0, 49625.5546875
9119, -2553.880827307701, 2, 2.100692161002371, 105, 835082,                                             1000000, 0.0, 46662.15625
9120, 1907.786952495575, 1, 2.1019700979995832, 116, 835198,                                             1000000, 0.0, 42950.38671875
9121, 1961.4857025146484, 1, 2.027367184000468, 98, 835296,                                             1000000, 0.0, 45289.9453125
9122, 1669.1050752401352, 1, 3.1214745879988186, 159, 835455,                                             1000000, 0.0, 43735.5234375
9123, -2667.160085439682, 2, 2.299519151001732, 108, 835563,                                             1000000, 0.0, 45146.125
9124, 1988.7892520427704, 1, 1.9019252049984061, 91, 835654,                                             1000000, 0.0, 44504.1953125
9125, 1840.135204076767, 1, 1.916506694000418, 106, 835760,                                             1000000, 0.0, 44470.32421875
9126, -2426.9776398539543, 2, 1.5011222300017835, 78, 835838,                                             1000000, 0.0, 44869.19140625
9127, -2592.344066619873, 2, 1.515773621002154, 84, 835922,                                             1000000, 0.0, 40351.64453125
9128, 1885.359033048153, 1, 1.7006044480003766, 88, 836010,                                             1000000, 0.0, 38682.875
9129, 1986.3231673240662, 1, 1.9176252920005936, 107, 836117,                                             1000000, 0.0, 47742.37890625
9130, -2728.800909757614, 2, 2.1002753900029347, 107, 836224,                                             1000000, 0.0, 49324.08984375
9131, 1875.9738663434982, 1, 2.2001971129975573, 112, 836336,                                             1000000, 0.0, 51136.3125
9132, -2833.955424964428, 2, 1.7004464319979888, 82, 836418,                                             1000000, 0.0, 46134.46484375
9133, 1887.1775542497635, 1, 1.9179647289965942, 115, 836533,                                             1000000, 0.0, 42883.56640625
9134, 2021.8807709813118, 1, 2.3007881209996413, 121, 836654,                                             1000000, 0.0, 38783.32421875
9135, -2760.6100577116013, 2, 1.5158992859978753, 82, 836736,                                             1000000, 0.0, 49418.40625
9136, -3793.735982954502, 2, 3.501929547997861, 192, 836928,                                             1000000, 0.0, 41490.97265625
9137, -2730.611575335264, 2, 2.3204720600006112, 136, 837064,                                             1000000, 0.0, 38374.296875
9138, -4175.031562805176, 2, 4.501445007001166, 238, 837302,                                             1000000, 0.0, 47649.5859375
9139, 730.1601217389107, 1, 6.103517849998752, 309, 837611,                                             1000000, 0.0, 43649.953125
9140, -2716.0740084648132, 2, 1.3017485959971964, 62, 837673,                                             1000000, 0.0, 43933.0078125
9141, -3128.902909040451, 2, 1.7308602970006177, 93, 837766,                                             1000000, 0.0, 41486.7578125
9142, -2997.816981077194, 2, 1.700430241999129, 80, 837846,                                             1000000, 0.0, 52645.69921875
9143, 1117.3558809161186, 1, 4.51822077199904, 252, 838098,                                             1000000, 0.0, 49284.5859375
9144, -4055.7351417541504, 2, 6.5017538300016895, 359, 838457,                                             1000000, 0.0, 50486.328125
9145, 898.3440757989883, 1, 3.5030021099992155, 191, 838648,                                             1000000, 0.0, 40780.47265625
9146, 1951.6305140256882, 1, 1.9030721169983735, 99, 838747,                                             1000000, 0.0, 37534.46484375
9147, -2641.178584218025, 2, 1.5180770610022591, 89, 838836,                                             1000000, 0.0, 42614.5390625
9148, 1810.1350255608559, 1, 2.50189151000086, 141, 838977,                                             1000000, 0.0, 45054.48046875
9149, 981.9615638256073, 1, 3.9187265420005133, 228, 839205,                                             1000000, 0.0, 48255.40234375
9150, 1740.4806079864502, 1, 1.899938900001871, 102, 839307,                                             1000000, 0.0, 46672.1328125
9151, -4024.7759251594543, 2, 3.072520870999142, 180, 839487,                                             1000000, 0.0, 47392.54296875
9152, 2127.863157451153, 1, 1.9014446229994064, 91, 839578,                                             1000000, 0.0, 33925.59765625
9153, -4473.762336134911, 2, 5.904208374999143, 320, 839898,                                             1000000, 0.0, 43253.61328125
9154, 1173.1127036809921, 1, 2.91734304000056, 165, 840063,                                             1000000, 0.0, 40835.26171875
9155, -3248.367395699024, 2, 2.501118120002502, 136, 840199,                                             1000000, 0.0, 47647.30859375
9156, 1488.6501311063766, 1, 2.3178535490005743, 126, 840325,                                             1000000, 0.0, 37908.1875
9157, 1859.3446655273438, 1, 2.7010288720011886, 138, 840463,                                             1000000, 0.0, 41300.28125
9158, -3038.170937538147, 2, 2.7031796960000065, 147, 840610,                                             1000000, 0.0, 36418.7421875
9159, -3146.460352420807, 2, 2.9204774989993894, 161, 840771,                                             1000000, 0.0, 47380.56640625
9160, -3072.101487696171, 2, 1.9006829949976236, 96, 840867,                                             1000000, 0.0, 48243.83203125
9161, 1833.6887542009354, 1, 1.7522893889981788, 92, 840959,                                             1000000, 0.0, 39399.7890625
9162, -2800.13937664032, 2, 2.3008002639980987, 115, 841074,                                             1000000, 0.0, 48510.3359375
9163, -3759.4468219280243, 2, 3.7028671970001596, 201, 841275,                                             1000000, 0.0, 48101.09375
9164, -2514.9131385684013, 2, 2.118185633000394, 115, 841390,                                             1000000, 0.0, 53431.60546875
9165, -2934.798585355282, 2, 2.701962834002188, 132, 841522,                                             1000000, 0.0, 39789.4765625
9166, 1883.0481207370758, 1, 1.917015889997856, 112, 841634,                                             1000000, 0.0, 42819.17578125
9167, -2386.482506752014, 2, 1.5018583210003271, 61, 841695,                                             1000000, 0.0, 43684.87890625
9168, -2291.450664639473, 2, 1.101555344001099, 51, 841746,                                             1000000, 0.0, 48498.2265625
9169, -3318.2406524419785, 2, 3.318087255000137, 190, 841936,                                             1000000, 0.0, 46640.078125
9170, -2558.5897369384766, 2, 1.1006165430007968, 49, 841985,                                             1000000, 0.0, 52630.75
9171, 1087.094969689846, 1, 3.7417004920025647, 226, 842211,                                             1000000, 0.0, 43612.32421875
9172, -2202.245022892952, 2, 0.9002604260022053, 41, 842252,                                             1000000, 0.0, 38797.63671875
9173, -2718.933710217476, 2, 1.7168449089986098, 97, 842349,                                             1000000, 0.0, 42260.28125
9174, -2538.654849052429, 2, 1.7018426510003337, 82, 842431,                                             1000000, 0.0, 41593.58984375
9175, -2820.6937655210495, 2, 1.7180292199991527, 103, 842534,                                             1000000, 0.0, 35776.20703125
9176, -2260.501984834671, 2, 1.100703586002055, 47, 842581,                                             1000000, 0.0, 48215.1953125
9177, 2092.6565868854523, 1, 1.7165263120004965, 89, 842670,                                             1000000, 0.0, 42341.984375
9178, 1967.4722344875336, 1, 1.900636749000114, 94, 842764,                                             1000000, 0.0, 40044.77734375
9179, 1260.2328840494156, 1, 3.102676110000175, 170, 842934,                                             1000000, 0.0, 39618.81640625
9180, 1666.7601832151413, 1, 1.7017902030020196, 92, 843026,                                             1000000, 0.0, 39623.6015625
9181, 1774.027844786644, 1, 1.6824046130022907, 103, 843129,                                             1000000, 0.0, 52219.4609375
9182, -2840.436731338501, 2, 2.1010085249981785, 115, 843244,                                             1000000, 0.0, 43248.9453125
9183, 1421.7969199419022, 1, 2.3024589750020823, 128, 843372,                                             1000000, 0.0, 40173.29296875
9184, 1146.360991358757, 1, 3.10285041699899, 166, 843538,                                             1000000, 0.0, 48491.57421875
9185, -3378.941593170166, 2, 2.118152450002526, 121, 843659,                                             1000000, 0.0, 43838.83984375
9186, -3538.367970228195, 2, 2.101148097000987, 103, 843762,                                             1000000, 0.0, 39189.88671875
9187, -3200.2458800673485, 2, 3.1025918220002495, 155, 843917,                                             1000000, 0.0, 46999.41015625
9188, -2778.874446630478, 2, 1.3203143770006136, 69, 843986,                                             1000000, 0.0, 44378.89453125
9189, 1005.4532358050346, 1, 3.500793678998889, 186, 844172,                                             1000000, 0.0, 43568.01171875
9190, -2613.4879071712494, 2, 1.5170266999994055, 84, 844256,                                             1000000, 0.0, 44817.0703125
9191, -3627.7388203144073, 2, 2.544693179002934, 126, 844382,                                             1000000, 0.0, 35853.578125
9192, -3461.2450115680695, 2, 2.918867809999938, 162, 844544,                                             1000000, 0.0, 43562.78125
9193, 1701.5159085392952, 1, 2.100613083999633, 100, 844644,                                             1000000, 0.0, 40314.92578125
9194, 1776.973213672638, 1, 2.119031117999839, 115, 844759,                                             1000000, 0.0, 51627.73828125
9195, -2755.504422903061, 2, 1.5013624010025524, 67, 844826,                                             1000000, 0.0, 42281.77734375
9196, -2447.685167312622, 2, 0.9025936219986761, 39, 844865,                                             1000000, 0.0, 38270.26171875
9197, -2712.178339421749, 2, 2.503174407000188, 132, 844997,                                             1000000, 0.0, 44142.14453125
9198, -2471.0573353767395, 2, 0.9182884789988748, 42, 845039,                                             1000000, 0.0, 52684.1171875
9199, -3266.3379319906235, 2, 2.500784364001447, 132, 845171,                                             1000000, 0.0, 42873.23828125
9200, 928.6935124397278, 1, 2.9248911070026224, 163, 845334,                                             1000000, 0.0, 46972.4140625
9201, -2799.183597445488, 2, 2.150663608001196, 114, 845448,                                             1000000, 0.0, 39260.00390625
9202, 1572.3736315965652, 1, 2.5029952400000184, 135, 845583,                                             1000000, 0.0, 38152.21484375
9203, -2588.8243448734283, 2, 1.1015621070000634, 49, 845632,                                             1000000, 0.0, 53275.1953125
9204, 1696.3851589560509, 1, 2.3162462239997694, 134, 845766,                                             1000000, 0.0, 40817.5390625
9205, -2699.8464933633804, 2, 2.300682452998444, 118, 845884,                                             1000000, 0.0, 35569.484375
9206, 1588.3956155776978, 1, 2.702486565998697, 141, 846025,                                             1000000, 0.0, 48182.58203125
9207, 2035.7855480909348, 1, 1.5015477890010516, 74, 846099,                                             1000000, 0.0, 39665.97265625
9208, 1856.1409645080566, 1, 1.9177203899998858, 116, 846215,                                             1000000, 0.0, 44971.86328125
9209, -2546.459557414055, 2, 1.5009880889992928, 73, 846288,                                             1000000, 0.0, 41761.84765625
9210, 1929.4596391916275, 1, 1.917273101000319, 107, 846395,                                             1000000, 0.0, 39733.609375
9211, 1906.22990578413, 1, 2.4574963499981095, 132, 846527,                                             1000000, 0.0, 44024.3515625
9212, -2708.035504102707, 2, 2.1028499050007667, 109, 846636,                                             1000000, 0.0, 44789.36328125
9213, -3127.9712570905685, 2, 2.7028204279995407, 139, 846775,                                             1000000, 0.0, 33357.703125
9214, -3038.6740494966507, 2, 2.502682549999008, 134, 846909,                                             1000000, 0.0, 46495.53125
9215, 2059.211869239807, 1, 1.9021269789991493, 96, 847005,                                             1000000, 0.0, 43262.07421875
9216, -3606.0155096054077, 2, 4.119538875002036, 224, 847229,                                             1000000, 0.0, 43617.04296875
9217, 2016.8084641695023, 1, 2.3022239109996008, 116, 847345,                                             1000000, 0.0, 45074.41796875
9218, 716.0855524539948, 1, 3.1029101950007316, 157, 847502,                                             1000000, 0.0, 51640.67578125
9219, -2597.292863368988, 2, 0.9176634449977428, 46, 847548,                                             1000000, 0.0, 52293.12109375
9220, -3141.489336192608, 2, 2.700608018996718, 141, 847689,                                             1000000, 0.0, 39890.6171875
9221, -3682.3024336099625, 2, 3.365824739001255, 181, 847870,                                             1000000, 0.0, 44690.85546875
9222, 1947.8855323791504, 1, 2.3188162530022964, 121, 847991,                                             1000000, 0.0, 42699.76953125
9223, 2096.0591370761395, 1, 1.5003294400012237, 78, 848069,                                             1000000, 0.0, 38707.28125
9224, -3062.108657836914, 2, 1.917714519000583, 111, 848180,                                             1000000, 0.0, 40462.71484375
9225, -2659.8953565359116, 2, 1.9007084889999533, 95, 848275,                                             1000000, 0.0, 44813.23828125
9226, -2789.9215183258057, 2, 1.7171309540026414, 100, 848375,                                             1000000, 0.0, 42692.93359375
9227, 1318.6416566967964, 1, 1.7004193570028292, 90, 848465,                                             1000000, 0.0, 47472.3984375
9228, 2000.2161531448364, 1, 1.916995791001682, 110, 848575,                                             1000000, 0.0, 40337.4765625
9229, -2650.448161959648, 2, 1.9006303529968136, 94, 848669,                                             1000000, 0.0, 38711.1640625
9230, -3162.526048541069, 2, 2.5174887839966686, 145, 848814,                                             1000000, 0.0, 36363.12109375
9231, 1877.4534151554108, 1, 2.0928796190019057, 103, 848917,                                             1000000, 0.0, 47654.77734375
9232, -2322.0423109531403, 2, 0.9154014529995038, 52, 848969,                                             1000000, 0.0, 29979.55859375
9233, 1991.3740965425968, 1, 2.5009424870004295, 132, 849101,                                             1000000, 0.0, 46170.53125
9234, 1817.1355156898499, 1, 1.9175050859994371, 107, 849208,                                             1000000, 0.0, 39138.99609375
9235, 1937.2075176239014, 1, 1.9007519010010583, 93, 849301,                                             1000000, 0.0, 38746.33203125
9236, 2029.178949356079, 1, 1.9020543129990983, 95, 849396,                                             1000000, 0.0, 49445.0703125
9237, 1656.1970859766006, 1, 2.703139696997823, 154, 849550,                                             1000000, 0.0, 42773.2109375
9238, 2017.566972732544, 1, 1.117614302002039, 56, 849606,                                             1000000, 0.0, 59512.72265625
9239, -2644.09946256876, 2, 1.7018922999995993, 82, 849688,                                             1000000, 0.0, 47524.1875
9240, -3452.614983677864, 2, 1.917361075997178, 116, 849804,                                             1000000, 0.0, 40803.66796875
9241, -2986.2890198230743, 2, 2.8429737070000556, 153, 849957,                                             1000000, 0.0, 42711.37890625
9242, -2815.7615069150925, 2, 1.9177711240008648, 106, 850063,                                             1000000, 0.0, 47769.3828125
9243, 1974.2822583913803, 1, 1.9005094960011775, 93, 850156,                                             1000000, 0.0, 45607.37109375
9244, 1677.174196600914, 1, 1.5169416999997338, 91, 850247,                                             1000000, 0.0, 45050.6015625
9245, -2434.4015493392944, 2, 1.5007584340019093, 69, 850316,                                             1000000, 0.0, 45369.83984375
9246, 1947.8902623653412, 1, 1.9025270900019677, 99, 850415,                                             1000000, 0.0, 54405.64453125
9247, 2163.7449011802673, 1, 1.3023233590029122, 64, 850479,                                             1000000, 0.0, 51466.30078125
9248, -2841.6883717775345, 2, 2.1025794580018555, 108, 850587,                                             1000000, 0.0, 46498.390625
9249, 1719.6487864255905, 1, 1.9032178550005483, 93, 850680,                                             1000000, 0.0, 51138.09765625
9250, 2026.513650894165, 1, 1.520667485998274, 80, 850760,                                             1000000, 0.0, 43788.96484375
9251, 1939.6560578346252, 1, 2.2809195119989454, 120, 850880,                                             1000000, 0.0, 50476.30078125
9252, -3054.9284448623657, 2, 3.3037082920018292, 176, 851056,                                             1000000, 0.0, 50159.0234375
9253, -3495.319911837578, 2, 3.317661295997823, 193, 851249,                                             1000000, 0.0, 46733.96875
9254, -2562.2487717866898, 2, 2.1006819589965744, 112, 851361,                                             1000000, 0.0, 42283.61328125
9255, 2041.6216797828674, 1, 1.118416186000104, 60, 851421,                                             1000000, 0.0, 40396.125
9256, -2375.5971105098724, 2, 1.5004685310013883, 67, 851488,                                             1000000, 0.0, 46022.80859375
9257, 1869.722775876522, 1, 2.1167396099990583, 117, 851605,                                             1000000, 0.0, 48423.44140625
9258, 718.5643572211266, 1, 3.9016490600006364, 214, 851819,                                             1000000, 0.0, 48031.16015625
9259, -3187.60698056221, 2, 2.7190284409989545, 149, 851968,                                             1000000, 0.0, 39676.9609375
9260, -2770.5612115859985, 2, 2.3009942440003215, 122, 852090,                                             1000000, 0.0, 41416.3828125
9261, -2812.205159306526, 2, 1.9034005579997029, 93, 852183,                                             1000000, 0.0, 43848.58984375
9262, -4100.516171813011, 2, 3.5030383150005946, 190, 852373,                                             1000000, 0.0, 40414.59375
9263, 1558.510508775711, 1, 3.102347068997915, 166, 852539,                                             1000000, 0.0, 43655.57421875
9264, -2573.8072751760483, 2, 1.50171379600215, 76, 852615,                                             1000000, 0.0, 46701.91796875
9265, 1682.0945051908493, 1, 2.102641344001313, 111, 852726,                                             1000000, 0.0, 38001.6875
9266, -2764.8622941970825, 2, 1.9181461080006557, 108, 852834,                                             1000000, 0.0, 43651.578125
9267, -2683.274953722954, 2, 1.9005540700018173, 90, 852924,                                             1000000, 0.0, 48294.35546875
9268, 306.86193466186523, 1, 4.324818724999204, 241, 853165,                                             1000000, 0.0, 46580.390625
9269, 1975.6716854572296, 1, 1.500274977999652, 71, 853236,                                             1000000, 0.0, 36987.43359375
9270, -2516.728723049164, 2, 1.9029616640000313, 88, 853324,                                             1000000, 0.0, 43613.0703125
9271, 1431.7441362142563, 1, 2.6377452829983667, 119, 853443,                                             1000000, 0.0, 40845.625
9272, -2841.3977501392365, 2, 2.1034624129970325, 94, 853537,                                             1000000, 0.0, 42036.01953125
9273, -3077.489646911621, 2, 2.504015910002636, 109, 853646,                                             1000000, 0.0, 48477.9375
9274, -3334.3626754283905, 2, 4.1052550909989804, 180, 853826,                                             1000000, 0.0, 44515.96484375
9275, 1591.7071330547333, 1, 3.7045869280009356, 161, 853987,                                             1000000, 0.0, 47534.68359375
9276, -2662.2179837226868, 2, 1.5287618949987518, 76, 854063,                                             1000000, 0.0, 48891.56640625
9277, -2834.8805100917816, 2, 1.6998850259988103, 74, 854137,                                             1000000, 0.0, 37410.44921875
9278, 2038.2736744582653, 1, 2.7237920530023985, 130, 854267,                                             1000000, 0.0, 35677.421875
9279, -3349.9690396785736, 2, 2.1015911340000457, 93, 854360,                                             1000000, 0.0, 40561.19140625
9280, -3270.8324600458145, 2, 2.936287574000744, 136, 854496,                                             1000000, 0.0, 49949.734375
9281, -3348.011154770851, 2, 2.8253741250009625, 126, 854622,                                             1000000, 0.0, 46062.765625
9282, 1215.3679082393646, 1, 2.5279489790009393, 119, 854741,                                             1000000, 0.0, 46581.55078125
9283, 1914.938203573227, 1, 2.7008481599987135, 115, 854856,                                             1000000, 0.0, 42601.47265625
9284, -2941.6459336280823, 2, 1.9224052140016283, 100, 854956,                                             1000000, 0.0, 38943.421875
9285, 655.5297825932503, 1, 5.902373754001019, 314, 855270,                                             1000000, 0.0, 41431.7109375
9286, -4502.545538067818, 2, 4.303513063001446, 224, 855494,                                             1000000, 0.0, 40221.68359375
9287, -3126.4743044674397, 2, 3.5190743950006436, 194, 855688,                                             1000000, 0.0, 43357.56640625
9288, 1710.482497394085, 1, 2.9013037540025834, 137, 855825,                                             1000000, 0.0, 46876.5078125
9289, -3336.579435825348, 2, 3.705471386998397, 145, 855970,                                             1000000, 0.0, 44232.04296875
9290, 1259.1714930534363, 1, 4.339771383001789, 183, 856153,                                             1000000, 0.0, 52597.546875
9291, -3008.106181740761, 2, 3.4979849589981313, 130, 856283,                                             1000000, 0.0, 42281.1640625
9292, 1798.1392574310303, 1, 1.923875611002586, 75, 856358,                                             1000000, 0.0, 44208.2109375
9293, 1273.7665189504623, 1, 4.7037891399995715, 222, 856580,                                             1000000, 0.0, 47348.53125
9294, 1828.256889462471, 1, 2.3026290710004105, 95, 856675,                                             1000000, 0.0, 43828.6640625
9295, -4139.731675207615, 2, 5.724131342998589, 289, 856964,                                             1000000, 0.0, 47015.8046875
9296, 1282.4044031500816, 1, 4.104409283998393, 195, 857159,                                             1000000, 0.0, 54157.234375
9297, -2867.8901195526123, 2, 2.70400289600002, 117, 857276,                                             1000000, 0.0, 44982.58203125
9298, -3050.77467417717, 2, 2.5214597800004412, 112, 857388,                                             1000000, 0.0, 48173.93359375
9299, 1667.6848903894424, 1, 2.2997071310019237, 108, 857496,                                             1000000, 0.0, 41936.6015625
9300, 1404.2534849643707, 1, 4.134181612000248, 206, 857702,                                             1000000, 0.0, 44363.90234375
9301, -4303.614851474762, 2, 9.040229277001345, 457, 858159,                                             1000000, 0.0, 49016.98828125
9302, 1700.1425383090973, 1, 2.7032681880009477, 121, 858280,                                             1000000, 0.0, 51150.8359375
9303, 1941.911788702011, 1, 2.504138991000218, 111, 858391,                                             1000000, 0.0, 47933.9375
9304, 1726.6825841665268, 1, 2.1243919389999064, 105, 858496,                                             1000000, 0.0, 57372.1875
9305, 1846.186118364334, 1, 2.3012521080017905, 109, 858605,                                             1000000, 0.0, 47396.9296875
9306, 830.8508048057556, 1, 5.128229058002034, 242, 858847,                                             1000000, 0.0, 47659.9765625
9307, 1922.282012104988, 1, 2.30117646600047, 106, 858953,                                             1000000, 0.0, 52019.8203125
9308, 255.15273690223694, 1, 6.927270866999606, 343, 859296,                                             1000000, 0.0, 48202.984375
9309, 1202.2503933906555, 1, 4.502338620997762, 220, 859516,                                             1000000, 0.0, 50764.58203125
9310, 1946.6779409646988, 1, 1.5022801570012234, 74, 859590,                                             1000000, 0.0, 53602.76953125
9311, -4448.541961669922, 2, 4.282667976000084, 248, 859838,                                             1000000, 0.0, 47205.7265625
9312, -2996.0903193354607, 2, 3.5014953919999243, 184, 860022,                                             1000000, 0.0, 48256.37109375
9313, 1482.1646046638489, 1, 2.7039096710032027, 147, 860169,                                             1000000, 0.0, 42929.21875
9314, 1406.4740408658981, 1, 2.502710020999075, 132, 860301,                                             1000000, 0.0, 48044.60546875
9315, -3281.6872392892838, 2, 2.903250724000827, 157, 860458,                                             1000000, 0.0, 46952.7578125
9316, 1068.8337154388428, 1, 3.5195935589981673, 198, 860656,                                             1000000, 0.0, 45943.828125
9317, -2508.7915312051773, 2, 1.9180974869996135, 105, 860761,                                             1000000, 0.0, 44900.38671875
9318, 1954.58704829216, 1, 2.1014142130006803, 101, 860862,                                             1000000, 0.0, 49679.40625
9319, -3258.336950778961, 2, 2.922120637998887, 160, 861022,                                             1000000, 0.0, 46142.21875
9320, -2295.7998084425926, 2, 1.3017726960024447, 52, 861074,                                             1000000, 0.0, 45308.46484375
9321, -2868.6674768924713, 2, 2.2311595549981575, 110, 861184,                                             1000000, 0.0, 46368.73828125
9322, 1811.6013046503067, 1, 1.903737448999891, 96, 861280,                                             1000000, 0.0, 45648.53515625
9323, 1528.470931172371, 1, 2.7032168110017665, 131, 861411,                                             1000000, 0.0, 45603.7734375
9324, -3159.494339108467, 2, 2.5207355019992974, 134, 861545,                                             1000000, 0.0, 43462.26953125
9325, -2851.903200030327, 2, 3.1012883149996924, 145, 861690,                                             1000000, 0.0, 50748.0859375
9326, -3551.0525926351547, 2, 4.5044526849997055, 236, 861926,                                             1000000, 0.0, 48821.7890625
9327, 1302.0103775262833, 1, 3.103739100002713, 154, 862080,                                             1000000, 0.0, 46470.6796875
9328, 1311.5718423128128, 1, 3.304219801000727, 170, 862250,                                             1000000, 0.0, 47518.41796875
9329, 1450.3857958316803, 1, 3.1026483950008696, 151, 862401,                                             1000000, 0.0, 48476.28515625
9330, 1318.0520721673965, 1, 2.518184217999078, 135, 862536,                                             1000000, 0.0, 46517.09765625
9331, 1890.5041179656982, 1, 2.55845209600011, 124, 862660,                                             1000000, 0.0, 49854.23828125
9332, 655.2193621397018, 1, 4.92146886199771, 276, 862936,                                             1000000, 0.0, 43560.5234375
9333, 1713.5769287347794, 1, 2.1003756350000913, 103, 863039,                                             1000000, 0.0, 43398.06640625
9334, 1999.5251576900482, 1, 1.9231960069992056, 102, 863141,                                             1000000, 0.0, 53319.578125
9335, -2982.8448225855827, 2, 2.100209102998633, 101, 863242,                                             1000000, 0.0, 38365.1640625
9336, -3181.232010126114, 2, 3.51830849900216, 201, 863443,                                             1000000, 0.0, 51216.70703125
9337, 1661.9148029088974, 1, 2.5022790330003772, 118, 863561,                                             1000000, 0.0, 48965.8203125
9338, -3207.754891872406, 2, 1.923087815001054, 96, 863657,                                             1000000, 0.0, 48814.64453125
9339, 1825.6951159238815, 1, 2.700929171998723, 128, 863785,                                             1000000, 0.0, 46922.828125
9340, 1942.2786668539047, 1, 1.7271001179979066, 92, 863877,                                             1000000, 0.0, 43026.1640625
9341, -2889.3305312395096, 2, 2.7237360590006574, 133, 864010,                                             1000000, 0.0, 45951.22265625
9342, 1524.131265759468, 1, 2.3232043919997523, 115, 864125,                                             1000000, 0.0, 37839.4453125
9343, -3001.1921917796135, 2, 3.7023189149986138, 181, 864306,                                             1000000, 0.0, 43454.609375
9344, -2565.8292421102524, 2, 1.7216282280023734, 83, 864389,                                             1000000, 0.0, 49830.37890625
9345, -2307.017998456955, 2, 1.0986361949981074, 47, 864436,                                             1000000, 0.0, 45129.765625
9346, -3950.5837582349777, 2, 5.718921794999915, 340, 864776,                                             1000000, 0.0, 47736.3984375
9347, 797.3011311292648, 1, 5.1024304019993, 303, 865079,                                             1000000, 0.0, 46455.9765625
9348, 1671.623306274414, 1, 2.5023004730028333, 131, 865210,                                             1000000, 0.0, 47579.98828125
9349, 1481.5180315971375, 1, 1.917977291999705, 113, 865323,                                             1000000, 0.0, 46031.62109375
9350, 905.0186893939972, 1, 3.500935562002269, 202, 865525,                                             1000000, 0.0, 50028.5234375
9351, 1947.9829511642456, 1, 1.56602727200152, 87, 865612,                                             1000000, 0.0, 44469.640625
9352, 1696.9255360364914, 1, 2.3003906429985364, 125, 865737,                                             1000000, 0.0, 43617.8359375
9353, 788.9684439897537, 1, 4.70263387399973, 272, 866009,                                             1000000, 0.0, 46726.265625
9354, 2026.982638835907, 1, 1.9023108649998903, 95, 866104,                                             1000000, 0.0, 52521.828125
9355, 1847.9746220111847, 1, 1.9190491910012497, 109, 866213,                                             1000000, 0.0, 57927.765625
9356, 1272.4340809583664, 1, 1.7157294459975674, 98, 866311,                                             1000000, 0.0, 60637.30078125
9357, 1895.8915405273438, 1, 2.7010459909979545, 146, 866457,                                             1000000, 0.0, 52097.56640625
9358, 1570.4443228244781, 1, 2.3188361009997607, 143, 866600,                                             1000000, 0.0, 48409.8046875
9359, -2443.8274965286255, 2, 1.4999661490001017, 71, 866671,                                             1000000, 0.0, 47578.375
9360, 1364.4655270576477, 1, 2.102714921998995, 113, 866784,                                             1000000, 0.0, 47880.13671875
9361, -2689.376805782318, 2, 1.518821415000275, 81, 866865,                                             1000000, 0.0, 57338.51953125
9362, 1412.609189748764, 1, 2.702779481001926, 153, 867018,                                             1000000, 0.0, 50201.12109375
9363, 1782.654010772705, 1, 1.902502003002155, 104, 867122,                                             1000000, 0.0, 51775.5625
9364, 1696.7435755729675, 1, 2.317169294998166, 136, 867258,                                             1000000, 0.0, 50030.9765625
9365, 1417.1005245447159, 1, 2.9006725899998855, 164, 867422,                                             1000000, 0.0, 52209.87890625
9366, 532.1461818218231, 1, 2.917505444998824, 169, 867591,                                             1000000, 0.0, 46060.48046875
9367, 1195.21680021286, 1, 2.7020885460005957, 152, 867743,                                             1000000, 0.0, 47491.203125
9368, 928.5513571500778, 1, 3.3031507870000496, 181, 867924,                                             1000000, 0.0, 46055.37109375
9369, -3134.295048713684, 2, 2.317085998998664, 132, 868056,                                             1000000, 0.0, 51845.07421875
9370, 797.1923332214355, 1, 3.502120944998751, 202, 868258,                                             1000000, 0.0, 46959.48046875
9371, -2618.425377845764, 2, 1.6653976970010262, 96, 868354,                                             1000000, 0.0, 47680.75390625
9372, 426.18566530942917, 1, 4.101272552998125, 234, 868588,                                             1000000, 0.0, 43771.046875
9373, -3450.468732357025, 2, 2.5188177859999996, 146, 868734,                                             1000000, 0.0, 49228.5546875
9374, -2991.1301016807556, 2, 3.1020970809986466, 175, 868909,                                             1000000, 0.0, 46864.52734375
9375, -3285.9251391887665, 2, 1.5169934570003534, 88, 868997,                                             1000000, 0.0, 50626.0
9376, -2981.9527950286865, 2, 1.9011024280007405, 96, 869093,                                             1000000, 0.0, 48546.890625
9377, -2755.4804587364197, 2, 1.3170843879997847, 72, 869165,                                             1000000, 0.0, 57757.18359375
9378, 1190.5611718893051, 1, 2.903106875000958, 161, 869326,                                             1000000, 0.0, 44175.28125
9379, 1733.0289293527603, 1, 2.3024051710017375, 129, 869455,                                             1000000, 0.0, 40719.0234375
9380, -2850.6851115226746, 2, 2.118151578000834, 120, 869575,                                             1000000, 0.0, 51293.703125
9381, 1323.0303147435188, 1, 2.5688343750007334, 142, 869717,                                             1000000, 0.0, 49100.81640625
9382, -3436.9541977643967, 2, 2.7025384090011357, 150, 869867,                                             1000000, 0.0, 49902.05859375
9383, 1909.9070472717285, 1, 1.518550406999566, 85, 869952,                                             1000000, 0.0, 47585.38671875
9384, 216.17135554552078, 1, 4.701899046001927, 280, 870232,                                             1000000, 0.0, 46410.38671875
9385, 1643.1372879743576, 1, 1.9173502149969863, 112, 870344,                                             1000000, 0.0, 45278.34375
9386, 1727.2864007353783, 1, 2.300534472000436, 128, 870472,                                             1000000, 0.0, 44214.7265625
9387, -3126.18453001976, 2, 2.702191689000756, 151, 870623,                                             1000000, 0.0, 44468.2578125
9388, -2758.7826565504074, 2, 1.9183712499980174, 110, 870733,                                             1000000, 0.0, 40201.05859375
9389, -2839.341351747513, 2, 2.501066269000148, 133, 870866,                                             1000000, 0.0, 39913.75390625
9390, 1565.4050632715225, 1, 2.3185557549986697, 143, 871009,                                             1000000, 0.0, 43931.99609375
9391, 1143.6120455265045, 1, 3.1056525079984567, 173, 871182,                                             1000000, 0.0, 42238.8515625
9392, 1222.3136775493622, 1, 3.5178376059993752, 213, 871395,                                             1000000, 0.0, 45715.12109375
9393, 1921.4948346018791, 1, 2.1001485099986894, 114, 871509,                                             1000000, 0.0, 43367.80859375
9394, 1461.7941097021103, 1, 2.5184618279999995, 146, 871655,                                             1000000, 0.0, 40838.3828125
9395, 1770.4351605772972, 1, 2.7014619809997384, 150, 871805,                                             1000000, 0.0, 45247.32421875
9396, 1018.0163804292679, 1, 3.319760762999067, 202, 872007,                                             1000000, 0.0, 41191.78125
9397, 1190.0032075047493, 1, 2.500837881001644, 142, 872149,                                             1000000, 0.0, 37460.70703125
9398, 2029.5305210351944, 1, 1.3169116850003775, 75, 872224,                                             1000000, 0.0, 42763.31640625
9399, -2963.2795429229736, 2, 3.1009866090025753, 169, 872393,                                             1000000, 0.0, 47137.03515625
9400, 1789.8239575624466, 1, 1.9183014090012875, 116, 872509,                                             1000000, 0.0, 50349.25390625
9401, 1502.9216595292091, 1, 2.2058153200014203, 113, 872622,                                             1000000, 0.0, 47809.8671875
9402, 1520.853330731392, 1, 2.317481530997611, 132, 872754,                                             1000000, 0.0, 52497.79296875
9403, 1397.732149720192, 1, 1.7007563190018118, 83, 872837,                                             1000000, 0.0, 43147.95703125
9404, -2974.784431576729, 2, 1.918058553001174, 106, 872943,                                             1000000, 0.0, 44975.5
9405, 1597.8434283733368, 1, 1.900470332999248, 95, 873038,                                             1000000, 0.0, 45793.01953125
9406, -3252.3303402662277, 2, 2.517578983999556, 145, 873183,                                             1000000, 0.0, 44513.57421875
9407, 1731.7500467896461, 1, 1.700272723002854, 86, 873269,                                             1000000, 0.0, 46878.25390625
9408, -3902.8875521421432, 2, 3.3184620380015986, 197, 873466,                                             1000000, 0.0, 43982.03125
9409, -3073.7447488307953, 2, 2.1012137070028984, 111, 873577,                                             1000000, 0.0, 45099.32421875
9410, -2334.8791913986206, 2, 1.1019546380011889, 55, 873632,                                             1000000, 0.0, 61113.49609375
9411, -2564.807377576828, 2, 1.4113577349999105, 80, 873712,                                             1000000, 0.0, 50309.5546875
9412, -2380.9434344768524, 2, 1.1009135760032223, 53, 873765,                                             1000000, 0.0, 53243.12890625
9413, 1649.27168738842, 1, 1.9021561140034464, 106, 873871,                                             1000000, 0.0, 49450.9296875
9414, -2933.8333897590637, 2, 2.3019685319995915, 120, 873991,                                             1000000, 0.0, 41520.34765625
9415, 1189.9155781269073, 1, 2.5183129990000452, 149, 874140,                                             1000000, 0.0, 47002.44140625
9416, -3664.133975446224, 2, 4.1026376629997685, 237, 874377,                                             1000000, 0.0, 45135.453125
9417, 1530.5155888795853, 1, 2.3169427909997466, 137, 874514,                                             1000000, 0.0, 44048.8515625
9418, -2429.2187129855156, 2, 1.7007021780009381, 92, 874606,                                             1000000, 0.0, 51652.9765625
9419, -2838.5058702230453, 2, 2.118555354001728, 121, 874727,                                             1000000, 0.0, 43083.54296875
9420, -4398.092381954193, 2, 4.302721419000591, 245, 874972,                                             1000000, 0.0, 46250.05859375
9421, 2074.111092686653, 1, 0.9732449180010008, 58, 875030,                                             1000000, 0.0, 39768.0546875
9422, -2745.753719508648, 2, 1.900634441000875, 103, 875133,                                             1000000, 0.0, 40138.2578125
9423, -2992.2672530412674, 2, 2.5166945650016714, 153, 875286,                                             1000000, 0.0, 44872.97265625
9424, -3506.099667966366, 2, 2.701161728000443, 152, 875438,                                             1000000, 0.0, 42840.34765625
9425, -3122.9939517974854, 2, 1.5024623999997857, 76, 875514,                                             1000000, 0.0, 41561.33203125
9426, 302.1124511361122, 1, 3.1189707920020737, 185, 875699,                                             1000000, 0.0, 50696.06640625
9427, -3314.9554949998856, 2, 2.5011664570010907, 142, 875841,                                             1000000, 0.0, 47921.01953125
9428, 440.7886472940445, 1, 3.7176393039990216, 222, 876063,                                             1000000, 0.0, 41802.0625
9429, -2279.1827875375748, 2, 0.9007229380003992, 43, 876106,                                             1000000, 0.0, 37561.46484375
9430, -2993.686124563217, 2, 2.7029609819983307, 155, 876261,                                             1000000, 0.0, 45456.1953125
9431, 1497.3597964048386, 1, 2.2734366900003806, 123, 876384,                                             1000000, 0.0, 40432.2109375
9432, 1818.2773436307907, 1, 1.5028899209974043, 76, 876460,                                             1000000, 0.0, 46341.078125
9433, 1978.9590200185776, 1, 1.1178707530016254, 61, 876521,                                             1000000, 0.0, 43677.69921875
9434, 2096.067578792572, 1, 1.1004821069982427, 54, 876575,                                             1000000, 0.0, 39392.79296875
9435, 1669.4235825538635, 1, 1.9027389170005335, 99, 876674,                                             1000000, 0.0, 43759.5
9436, -2721.4317178726196, 2, 1.117072045999521, 63, 876737,                                             1000000, 0.0, 42494.36328125
9437, -2437.429984509945, 2, 1.2999842229983187, 68, 876805,                                             1000000, 0.0, 51843.1953125
9438, -2464.4193073511124, 2, 1.317490909998014, 78, 876883,                                             1000000, 0.0, 39350.4765625
9439, -2615.5451778769493, 2, 1.700750608000817, 93, 876976,                                             1000000, 0.0, 42246.890625
9440, 1566.816766858101, 1, 1.917923310000333, 111, 877087,                                             1000000, 0.0, 37952.5625
9441, 1906.9602938890457, 1, 1.552191719001712, 74, 877161,                                             1000000, 0.0, 41500.0390625
9442, 1957.9532289505005, 1, 1.9028926249993674, 98, 877259,                                             1000000, 0.0, 51655.75
9443, 1745.7426495552063, 1, 1.7262330820012721, 92, 877351,                                             1000000, 0.0, 41928.69921875
9444, 2222.6099913716316, 1, 1.499502107999433, 70, 877421,                                             1000000, 0.0, 46715.00390625
9445, 1819.2324018478394, 1, 1.9019318440005009, 104, 877525,                                             1000000, 0.0, 40555.578125
9446, 985.9515271186829, 1, 3.3031788789994607, 181, 877706,                                             1000000, 0.0, 43072.36328125
9447, -2878.1533801555634, 2, 1.3172515820006083, 75, 877781,                                             1000000, 0.0, 42937.625
9448, -3160.781595647335, 2, 3.701230505001149, 206, 877987,                                             1000000, 0.0, 45909.578125
9449, -2977.674500346184, 2, 1.9202060899988282, 112, 878099,                                             1000000, 0.0, 44299.93359375
9450, 1662.4093323349953, 1, 2.7015690810003434, 139, 878238,                                             1000000, 0.0, 40893.625
9451, 1616.1751993894577, 1, 2.8725042210026004, 160, 878398,                                             1000000, 0.0, 49916.2578125
9452, -2782.7569227814674, 2, 2.901451541001734, 148, 878546,                                             1000000, 0.0, 42199.65234375
9453, 1585.5718089342117, 1, 2.702703658997052, 132, 878678,                                             1000000, 0.0, 44329.2890625
9454, 1909.0204405784607, 1, 2.102129855000385, 107, 878785,                                             1000000, 0.0, 45258.95703125
9455, -2448.271895170212, 2, 1.319552806999127, 75, 878860,                                             1000000, 0.0, 42401.8984375
9456, 1990.6429013609886, 1, 2.5016391429999203, 129, 878989,                                             1000000, 0.0, 41293.22265625
9457, 1406.2490103244781, 1, 3.3187914350019128, 190, 879179,                                             1000000, 0.0, 44540.59375
9458, -2848.5921486616135, 2, 2.501696321000054, 132, 879311,                                             1000000, 0.0, 41652.375
9459, 1299.6048595905304, 1, 3.3244275329998345, 190, 879501,                                             1000000, 0.0, 49225.828125
9460, 1955.220850944519, 1, 2.10067503600294, 102, 879603,                                             1000000, 0.0, 40508.49609375
9461, 1588.4979034662247, 1, 2.251461403000576, 126, 879729,                                             1000000, 0.0, 41864.66796875
9462, 1849.7766770720482, 1, 2.3010547180019785, 115, 879844,                                             1000000, 0.0, 40346.9921875
9463, 1928.3628820180893, 1, 1.315897391999897, 80, 879924,                                             1000000, 0.0, 40621.11328125
9464, -2634.4355494976044, 2, 2.1005082039991976, 109, 880033,                                             1000000, 0.0, 49293.2265625
9465, -2319.954497694969, 2, 0.9183155869977782, 52, 880085,                                             1000000, 0.0, 48457.90234375
9466, 2007.4093066453934, 1, 1.9009737870001118, 98, 880183,                                             1000000, 0.0, 51023.10546875
9467, -2676.9059116840363, 2, 1.3175342819995421, 76, 880259,                                             1000000, 0.0, 50728.8828125
9468, -2817.71524733305, 2, 2.301348909000808, 126, 880385,                                             1000000, 0.0, 41919.20703125
9469, -2739.260929942131, 2, 2.3024386440010858, 125, 880510,                                             1000000, 0.0, 51342.265625
9470, 1344.8695415258408, 1, 2.70303730500018, 150, 880660,                                             1000000, 0.0, 46454.859375
9471, -2803.6240574121475, 2, 1.776512755001022, 103, 880763,                                             1000000, 0.0, 47143.68359375
9472, 1852.9165509939194, 1, 2.501662036000198, 144, 880907,                                             1000000, 0.0, 44226.75
9473, 1915.6895401477814, 1, 1.916561265999917, 114, 881021,                                             1000000, 0.0, 47839.78125
9474, 1648.9031950831413, 1, 2.500925764998101, 142, 881163,                                             1000000, 0.0, 39829.52734375
9475, 1711.3824346065521, 1, 2.1184730700006185, 129, 881292,                                             1000000, 0.0, 46497.47265625
9476, 1918.9530674219131, 1, 2.302015711000422, 121, 881413,                                             1000000, 0.0, 45400.26953125
9477, 1655.579297542572, 1, 2.702250849997654, 149, 881562,                                             1000000, 0.0, 49729.44140625
9478, 772.3316775560379, 1, 3.303913145999104, 185, 881747,                                             1000000, 0.0, 41276.08984375
9479, 1659.3776918649673, 1, 2.702750595002726, 145, 881892,                                             1000000, 0.0, 51389.73046875
9480, -2857.1990258693695, 2, 1.9179318970018358, 111, 882003,                                             1000000, 0.0, 50387.4453125
9481, 1306.307224214077, 1, 2.9005898470022657, 160, 882163,                                             1000000, 0.0, 43591.12109375
9482, 1317.6245172023773, 1, 2.1036256099978345, 113, 882276,                                             1000000, 0.0, 48933.75390625
9483, -2818.3233011960983, 2, 2.1033641889989667, 111, 882387,                                             1000000, 0.0, 46691.61328125
9484, 2120.188542485237, 1, 1.5017850330004876, 73, 882460,                                             1000000, 0.0, 46988.2890625
9485, 1785.4825848340988, 1, 2.5206557609999436, 126, 882586,                                             1000000, 0.0, 41976.1171875
9486, 1827.6562801599503, 1, 2.701155339000252, 136, 882722,                                             1000000, 0.0, 44503.84765625
9487, -2697.1460161209106, 2, 1.7176743560012255, 97, 882819,                                             1000000, 0.0, 53882.0
9488, -3292.6618062257767, 2, 2.501224130999617, 139, 882958,                                             1000000, 0.0, 44046.296875
9489, 1636.8921422958374, 1, 2.3185672750005324, 132, 883090,                                             1000000, 0.0, 47180.66015625
9490, -3191.47105884552, 2, 2.701633305998257, 147, 883237,                                             1000000, 0.0, 43519.21875
9491, -2970.9978009462357, 2, 1.8215793299968936, 106, 883343,                                             1000000, 0.0, 48781.08984375
9492, 1370.0115951299667, 1, 1.901227143000142, 91, 883434,                                             1000000, 0.0, 48343.9609375
9493, 1740.0995153188705, 1, 1.7192012699997576, 93, 883527,                                             1000000, 0.0, 39227.890625
9494, -2764.2305874824524, 2, 2.5014155300013954, 130, 883657,                                             1000000, 0.0, 51149.6171875
9495, 1147.8384810686111, 1, 3.3039131370023824, 173, 883830,                                             1000000, 0.0, 42646.4609375
9496, 1443.05928337574, 1, 2.525761066000996, 139, 883969,                                             1000000, 0.0, 45949.1953125
9497, 1594.5810071229935, 1, 2.4994582990002527, 123, 884092,                                             1000000, 0.0, 46756.68359375
9498, 1144.0441225767136, 1, 3.326033559998905, 184, 884276,                                             1000000, 0.0, 49421.2734375
9499, 1348.7998361587524, 1, 3.701029133000702, 197, 884473,                                             1000000, 0.0, 46138.01953125
9500, 2154.101889669895, 1, 1.5026811440002348, 72, 884545,                                             1000000, 0.0, 35141.9921875
9501, -2852.0894743204117, 2, 1.2239932640004554, 73, 884618,                                             1000000, 0.0, 41167.23828125
9502, -2766.070234656334, 2, 2.500993698999082, 134, 884752,                                             1000000, 0.0, 46725.01171875
9503, 993.7621231079102, 1, 2.3180605650013604, 138, 884890,                                             1000000, 0.0, 46749.33203125
9504, 1938.7075457572937, 1, 1.5006556949992955, 80, 884970,                                             1000000, 0.0, 42401.67578125
9505, 1649.1139467954636, 1, 1.918540208000195, 110, 885080,                                             1000000, 0.0, 45046.53515625
9506, -2576.2939800024033, 2, 1.7011333589980495, 84, 885164,                                             1000000, 0.0, 42095.4375
9507, 1358.1290533542633, 1, 2.5208809430005203, 145, 885309,                                             1000000, 0.0, 44532.76953125
9508, -3994.7709332704544, 2, 3.501103595001041, 184, 885493,                                             1000000, 0.0, 41388.43359375
9509, 1695.3701621294022, 1, 2.3254246179967595, 127, 885620,                                             1000000, 0.0, 37954.609375
9510, -2237.1300241351128, 2, 1.1001915279994137, 46, 885666,                                             1000000, 0.0, 46793.265625
9511, 1597.0161399841309, 1, 2.3059018470012234, 133, 885799,                                             1000000, 0.0, 52639.78515625
9512, -2265.412858426571, 2, 1.1000471970000945, 50, 885849,                                             1000000, 0.0, 42238.4609375
9513, -2745.34166765213, 2, 2.1191314249990683, 118, 885967,                                             1000000, 0.0, 47931.8125
9514, 1800.688264131546, 1, 2.100695873999939, 105, 886072,                                             1000000, 0.0, 41251.98046875
9515, 1757.2218784093857, 1, 2.5244920769982855, 133, 886205,                                             1000000, 0.0, 34965.61328125
9516, 1213.8595660924911, 1, 1.9007078180002281, 91, 886296,                                             1000000, 0.0, 46292.98828125
9517, 1698.5056791305542, 1, 2.118441211001482, 121, 886417,                                             1000000, 0.0, 47655.19140625
9518, 1957.294350862503, 1, 2.100287807999848, 109, 886526,                                             1000000, 0.0, 45493.53515625
9519, 1932.4115190505981, 1, 1.5183918639995682, 90, 886616,                                             1000000, 0.0, 43121.984375
9520, 1783.7735878229141, 1, 2.1010995420001564, 111, 886727,                                             1000000, 0.0, 44673.53515625
9521, 2025.4320446252823, 1, 1.9125014609999198, 90, 886817,                                             1000000, 0.0, 38592.30078125
9522, 2059.818555057049, 1, 1.902494278998347, 94, 886911,                                             1000000, 0.0, 40302.4140625
9523, -2539.461066365242, 2, 1.7024002750004001, 87, 886998,                                             1000000, 0.0, 47010.6953125
9524, 1865.864926457405, 1, 1.9166241439997975, 108, 887106,                                             1000000, 0.0, 41933.0546875
9525, 1670.8570444583893, 1, 2.701743654000893, 135, 887241,                                             1000000, 0.0, 46079.4140625
9526, 1742.7037068605423, 1, 2.118662355998822, 120, 887361,                                             1000000, 0.0, 43252.35546875
9527, 2095.6253519654274, 1, 1.6996936380019179, 77, 887438,                                             1000000, 0.0, 39664.18359375
9528, 2116.7484670877457, 1, 1.515135335001105, 82, 887520,                                             1000000, 0.0, 44398.2734375
9529, 1872.4428067207336, 1, 2.101008109002578, 109, 887629,                                             1000000, 0.0, 44442.3671875
9530, 1142.7592833042145, 1, 2.529406775996904, 152, 887781,                                             1000000, 0.0, 48302.9140625
9531, -2711.450865447521, 2, 2.236196795998694, 102, 887883,                                             1000000, 0.0, 37433.60546875
9532, 1569.8972502946854, 1, 1.9213556090035127, 104, 887987,                                             1000000, 0.0, 43287.046875
9533, 1370.2712063193321, 1, 1.901046855000459, 99, 888086,                                             1000000, 0.0, 42059.25390625
9534, -4245.2923797369, 2, 4.9222614979989885, 290, 888376,                                             1000000, 0.0, 44968.1328125
9535, 1779.4588800668716, 1, 2.3008799869967334, 116, 888492,                                             1000000, 0.0, 41866.765625
9536, 1641.9273443222046, 1, 2.5024934419998317, 125, 888617,                                             1000000, 0.0, 49601.72265625
9537, -2366.3373819589615, 2, 0.9196990019991063, 47, 888664,                                             1000000, 0.0, 45285.921875
9538, 2188.234180390835, 1, 1.7009214809986588, 74, 888738,                                             1000000, 0.0, 44630.6171875
9539, 1812.3033813238144, 1, 1.9225985310004035, 98, 888836,                                             1000000, 0.0, 46385.80078125
9540, -2636.398554980755, 2, 2.101160185000481, 110, 888946,                                             1000000, 0.0, 41484.63671875
9541, 1725.8262736797333, 1, 2.0265844970017497, 102, 889048,                                             1000000, 0.0, 38322.48046875
9542, 1962.7064291238785, 1, 2.1015246589995513, 101, 889149,                                             1000000, 0.0, 42177.91015625
9543, -2922.5363994836807, 2, 1.925671114000579, 100, 889249,                                             1000000, 0.0, 40455.921875
9544, 1667.2759268283844, 1, 2.5012850150014856, 113, 889362,                                             1000000, 0.0, 46523.5234375
9545, 1655.1975808739662, 1, 2.5262013819992717, 130, 889492,                                             1000000, 0.0, 48638.87890625
9546, -2848.0102853775024, 2, 2.10040468799707, 92, 889584,                                             1000000, 0.0, 36664.91796875
9547, -3045.5714337825775, 2, 1.518451386000379, 86, 889670,                                             1000000, 0.0, 40939.421875
9548, 1461.9856620430946, 1, 2.7023214170003484, 132, 889802,                                             1000000, 0.0, 38399.8828125
9549, 2078.9821655750275, 1, 1.5246727960002318, 74, 889876,                                             1000000, 0.0, 30108.203125
9550, 1988.1637400388718, 1, 2.1002772690007987, 98, 889974,                                             1000000, 0.0, 45328.27734375
9551, -3824.2773419618607, 2, 3.9759516390004137, 221, 890195,                                             1000000, 0.0, 42640.94921875
9552, -3083.109813928604, 2, 1.5208814639991033, 75, 890270,                                             1000000, 0.0, 43170.71484375
9553, 1353.2664158940315, 1, 1.7000991490021988, 92, 890362,                                             1000000, 0.0, 45717.734375
9554, -2938.456083416939, 2, 2.3025174780013913, 120, 890482,                                             1000000, 0.0, 43464.83203125
9555, -3062.956920146942, 2, 2.5031433510011993, 129, 890611,                                             1000000, 0.0, 44246.62109375
9556, -2851.43452000618, 2, 1.7205862579976383, 102, 890713,                                             1000000, 0.0, 42047.01953125
9557, -2487.1492298841476, 2, 1.7006410150024749, 82, 890795,                                             1000000, 0.0, 50849.39453125
9558, 2089.3448243141174, 1, 1.518801682999765, 86, 890881,                                             1000000, 0.0, 44507.80078125
9559, 2096.2597551345825, 1, 1.5006955200005905, 73, 890954,                                             1000000, 0.0, 46163.1796875
9560, -2449.0599187612534, 2, 1.5018580700016173, 71, 891025,                                             1000000, 0.0, 45903.53515625
9561, 1938.898973107338, 1, 1.532276048001222, 78, 891103,                                             1000000, 0.0, 48514.3828125
9562, 1673.2920033931732, 1, 2.121008145997621, 114, 891217,                                             1000000, 0.0, 41122.7890625
9563, 1919.2850927710533, 1, 1.9005222609994235, 98, 891315,                                             1000000, 0.0, 52335.76171875
9564, 1672.6132780313492, 1, 2.503481985997496, 131, 891446,                                             1000000, 0.0, 38932.28515625
9565, -2389.0285609960556, 2, 1.1209673289995408, 60, 891506,                                             1000000, 0.0, 42064.59765625
9566, 1644.6304779052734, 1, 2.300112797998736, 128, 891634,                                             1000000, 0.0, 51915.2890625
9567, 1917.0511065721512, 1, 1.920253962998686, 111, 891745,                                             1000000, 0.0, 49407.49609375
9568, 1997.4137289524078, 1, 1.7007891530010966, 75, 891820,                                             1000000, 0.0, 41743.94140625
9569, -2778.9465774297714, 2, 1.519064205000177, 89, 891909,                                             1000000, 0.0, 42122.24609375
9570, 1611.8862789273262, 1, 1.90080285699878, 97, 892006,                                             1000000, 0.0, 42547.04296875
9571, 2121.1143164634705, 1, 1.5221668850026617, 71, 892077,                                             1000000, 0.0, 45774.7890625
9572, 2137.560868859291, 1, 1.3209721759994864, 74, 892151,                                             1000000, 0.0, 56817.76953125
9573, 1909.6405614614487, 1, 1.9008738800002902, 100, 892251,                                             1000000, 0.0, 36390.66796875
9574, 1927.7769627571106, 1, 2.1031686019996414, 103, 892354,                                             1000000, 0.0, 44351.0390625
9575, 2039.9506804943085, 1, 1.9035570329979237, 96, 892450,                                             1000000, 0.0, 41070.48828125
9576, 966.0932509899139, 1, 3.1041844570027024, 161, 892611,                                             1000000, 0.0, 51792.25
9577, -2973.854468345642, 2, 2.7037766670000565, 138, 892749,                                             1000000, 0.0, 45756.71484375
9578, -2901.0424827337265, 2, 1.720544219002477, 89, 892838,                                             1000000, 0.0, 41574.50390625
9579, 1734.7338193655014, 1, 2.5015413359978993, 130, 892968,                                             1000000, 0.0, 49938.5234375
9580, 1709.3526331186295, 1, 2.703292939997482, 148, 893116,                                             1000000, 0.0, 46801.24609375
9581, 1776.1046319007874, 1, 2.245904334999068, 138, 893254,                                             1000000, 0.0, 51382.60546875
9582, -2864.724557876587, 2, 2.5018938670000352, 142, 893396,                                             1000000, 0.0, 48396.5625
9583, -2478.465067744255, 2, 1.502582960001746, 80, 893476,                                             1000000, 0.0, 48511.14453125
9584, 2056.6960248947144, 1, 1.7184301430024789, 97, 893573,                                             1000000, 0.0, 52265.50390625
9585, 2152.8758583068848, 1, 1.6995843229997263, 83, 893656,                                             1000000, 0.0, 44854.37109375
9586, 1717.0359144210815, 1, 1.3176186950004194, 74, 893730,                                             1000000, 0.0, 50171.80859375
9587, 2069.9524867534637, 1, 1.90177738499915, 100, 893830,                                             1000000, 0.0, 42186.328125
9588, 1559.0067111253738, 1, 1.7201650780007185, 95, 893925,                                             1000000, 0.0, 45548.12109375
9589, 2166.0795838832855, 1, 1.7006505329991342, 90, 894015,                                             1000000, 0.0, 52750.1875
9590, 1893.204109430313, 1, 1.719733838999673, 99, 894114,                                             1000000, 0.0, 50631.80859375
9591, 1788.9544258713722, 1, 2.152133479998156, 108, 894222,                                             1000000, 0.0, 40691.7734375
9592, 1813.930986046791, 1, 2.12382651200096, 118, 894340,                                             1000000, 0.0, 43831.26953125
9593, 1725.5949905514717, 1, 1.9001044970027579, 98, 894438,                                             1000000, 0.0, 41440.453125
9594, 1953.556429386139, 1, 1.7200912900007097, 96, 894534,                                             1000000, 0.0, 46260.22265625
9595, -3293.6016968488693, 2, 2.5005406990021584, 119, 894653,                                             1000000, 0.0, 48360.32421875
9596, -3319.2282413244247, 2, 2.5220617880004284, 150, 894803,                                             1000000, 0.0, 49013.76171875
9597, 1831.2693678736687, 1, 2.1010691240007873, 114, 894917,                                             1000000, 0.0, 42774.04296875
9598, -2688.4868601560593, 2, 1.7267454510001699, 95, 895012,                                             1000000, 0.0, 45011.515625
9599, -2636.866685628891, 2, 2.1002364730011323, 99, 895111,                                             1000000, 0.0, 41114.34765625
9600, 1897.0403391122818, 1, 2.3020027130005474, 119, 895230,                                             1000000, 0.0, 45440.4921875
9601, 1672.7799912691116, 1, 2.494850945997314, 148, 895378,                                             1000000, 0.0, 41405.63671875
9602, 2006.297175526619, 1, 1.7010199159994954, 77, 895455,                                             1000000, 0.0, 48329.65234375
9603, -2587.5380054712296, 2, 1.50293716500164, 73, 895528,                                             1000000, 0.0, 50709.734375
9604, -2661.301925301552, 2, 1.7191332030015474, 98, 895626,                                             1000000, 0.0, 50240.53125
9605, 2007.1693452000618, 1, 2.1006861660025606, 107, 895733,                                             1000000, 0.0, 47944.08984375
9606, 1653.6895312070847, 1, 2.319326719996752, 131, 895864,                                             1000000, 0.0, 38525.37109375
9607, 1794.2861243486404, 1, 2.3018207519999123, 113, 895977,                                             1000000, 0.0, 46051.11328125
9608, -3187.9303656816483, 2, 2.5200276830000803, 139, 896116,                                             1000000, 0.0, 47556.46484375
9609, 1427.3304979205132, 1, 2.5012000060014543, 130, 896246,                                             1000000, 0.0, 48903.6640625
9610, -2630.0091166496277, 2, 1.7179802900027425, 101, 896347,                                             1000000, 0.0, 47513.33984375
9611, 1946.846807897091, 1, 1.8720564549985284, 92, 896439,                                             1000000, 0.0, 43790.35546875
9612, 1857.7840687036514, 1, 1.5215137909981422, 80, 896519,                                             1000000, 0.0, 42363.12109375
9613, 1684.7271788716316, 1, 2.1007950600032927, 103, 896622,                                             1000000, 0.0, 43572.296875
9614, -2997.6097733974457, 2, 2.10254372000054, 109, 896731,                                             1000000, 0.0, 42631.109375
9615, -2814.8706352710724, 2, 1.9235772669999278, 109, 896840,                                             1000000, 0.0, 54498.94140625
9616, -2613.597336232662, 2, 1.900872658003209, 96, 896936,                                             1000000, 0.0, 49852.25390625
9617, -2294.904573917389, 2, 0.9202623790006328, 47, 896983,                                             1000000, 0.0, 40912.03125
9618, 2009.0216364860535, 1, 1.7017249679993256, 83, 897066,                                             1000000, 0.0, 48500.890625
9619, 1948.1642835140228, 1, 1.7219728989985015, 93, 897159,                                             1000000, 0.0, 52925.12890625
9620, 1864.602923989296, 1, 2.3016608920006547, 110, 897269,                                             1000000, 0.0, 50551.76953125
9621, 993.7864780426025, 1, 2.9891894409993256, 148, 897417,                                             1000000, 0.0, 45840.35546875
9622, 1637.7540007829666, 1, 2.5224632210010896, 138, 897555,                                             1000000, 0.0, 47862.47265625
9623, -2945.956456065178, 2, 2.5007816509969416, 133, 897688,                                             1000000, 0.0, 43365.5234375
9624, -3987.190204024315, 2, 4.321574444998987, 260, 897948,                                             1000000, 0.0, 46753.7734375
