episode, reward, success, duration, steps, total_steps, memory length, avg_critic_loss, avg_actor_loss
15701, -3827.4139726161957, 2, 2.152333396999893, 106, 3164178,                                             1000000, 0.0, 8817.5126953125
15702, -21300.4692851305, 2, 19.551359607999984, 1120, 3165298,                                             1000000, 0.0, 6226.083984375
15703, -3900.119054079056, 2, 2.1200570199998765, 116, 3165414,                                             1000000, 0.0, 6197.7666015625
15704, -3256.818612098694, 2, 1.4989102740000817, 65, 3165479,                                             1000000, 0.0, 6798.154296875
15705, -4868.221365451813, 2, 4.102935343000354, 228, 3165707,                                             1000000, 0.0, 8116.55615234375
15706, -7497.176108956337, 2, 8.706495540000105, 486, 3166193,                                             1000000, 0.0, 7171.42626953125
15707, -3494.4795794487, 1, 8.525314192000224, 484, 3166677,                                             1000000, 0.0, 6130.1484375
15708, -6149.922698736191, 2, 7.902777497998613, 441, 3167118,                                             1000000, 0.0, 6188.59228515625
15709, -5719.059075593948, 2, 4.320759887999884, 243, 3167361,                                             1000000, 0.0, 3279.83349609375
15710, -1877.8927153348923, 1, 7.902984872000161, 439, 3167800,                                             1000000, 0.0, 6778.525390625
15711, -2546.152485847473, 1, 7.7630540629997995, 442, 3168242,                                             1000000, 0.0, 5442.48876953125
15712, -1294.8615073859692, 1, 6.90145526500055, 379, 3168621,                                             1000000, 0.0, 5757.7099609375
15713, -1639.7782723903656, 1, 7.524377252000704, 432, 3169053,                                             1000000, 0.0, 5799.9775390625
15714, -453.95076912641525, 1, 7.702480021998781, 426, 3169479,                                             1000000, 0.0, 4900.32275390625
15715, -6073.865919828415, 2, 6.922321740999905, 386, 3169865,                                             1000000, 0.0, 4482.708984375
15716, -6736.335340619087, 2, 7.903045600000041, 431, 3170296,                                             1000000, 0.0, 4397.32470703125
15717, -1348.9054123163223, 1, 6.5218857939999, 368, 3170664,                                             1000000, 0.0, 6292.44140625
15718, -1194.6486170887947, 1, 7.101553719001458, 392, 3171056,                                             1000000, 0.0, 5741.06298828125
15719, -965.3737144470215, 1, 7.118801671000256, 396, 3171452,                                             1000000, 0.0, 7732.7890625
15720, -984.3836406469345, 1, 6.5034942499987665, 356, 3171808,                                             1000000, 0.0, 3596.222900390625
15721, -2266.7037773132324, 1, 8.465177168000082, 479, 3172287,                                             1000000, 0.0, 4119.74951171875
15722, -2764.2902579307556, 2, 1.0978501350000442, 41, 3172328,                                             1000000, 0.0, 5503.09423828125
15723, -348.1884231865406, 1, 6.304682318999767, 350, 3172678,                                             1000000, 0.0, 4736.884765625
15724, 421.04990100860596, 1, 6.120905211000718, 340, 3173018,                                             1000000, 0.0, 6136.7314453125
15725, -1606.3005160093307, 1, 7.503092947999903, 416, 3173434,                                             1000000, 0.0, 6399.1982421875
15726, -322.88124644756317, 1, 6.503090232999966, 358, 3173792,                                             1000000, 0.0, 4652.529296875
15727, -216.59039497375488, 1, 6.504703786999016, 363, 3174155,                                             1000000, 0.0, 4407.0537109375
15728, -1196.4456006288528, 1, 6.722232074000203, 375, 3174530,                                             1000000, 0.0, 5281.76708984375
15729, -464.3986325263977, 1, 6.502313940998647, 359, 3174889,                                             1000000, 0.0, 7386.59130859375
15730, -7263.482069015503, 2, 7.724771814000633, 433, 3175322,                                             1000000, 0.0, 7631.21142578125
15731, -4689.685792654753, 1, 14.345515887000147, 805, 3176127,                                             1000000, 0.0, 7323.85888671875
15732, -5782.8239850997925, 2, 7.304448169999887, 403, 3176530,                                             1000000, 0.0, 5016.57177734375
15733, 327.5815088748932, 1, 6.121624993998921, 342, 3176872,                                             1000000, 0.0, 5919.54052734375
15734, 104.86861327290535, 1, 6.70292445800078, 361, 3177233,                                             1000000, 0.0, 4438.2802734375
15735, -984.7559984922409, 1, 6.725189549000788, 382, 3177615,                                             1000000, 0.0, 4889.12451171875
15736, 13.900944828987122, 1, 6.903399885999534, 379, 3177994,                                             1000000, 0.0, 7370.8759765625
15737, -5423.4553208351135, 2, 5.904372349999903, 328, 3178322,                                             1000000, 0.0, 6355.505859375
15738, -1726.5657576322556, 1, 6.9033314190000965, 382, 3178704,                                             1000000, 0.0, 6610.998046875
15739, -1997.4969773292542, 1, 6.5237774519991945, 373, 3179077,                                             1000000, 0.0, 5776.98193359375
15740, -5642.46295773983, 2, 5.102372463999927, 275, 3179352,                                             1000000, 0.0, 6814.7568359375
15741, -4221.771136641502, 2, 5.076846870000736, 280, 3179632,                                             1000000, 0.0, 6946.13671875
15742, -5619.375246882439, 2, 5.102475411000341, 282, 3179914,                                             1000000, 0.0, 6257.37939453125
15743, -1189.8986018896103, 1, 6.5241004710005654, 365, 3180279,                                             1000000, 0.0, 5623.46728515625
15744, -4721.356646776199, 2, 5.122533714000383, 281, 3180560,                                             1000000, 0.0, 6435.78759765625
15745, -5887.566660523415, 2, 5.101669366000351, 277, 3180837,                                             1000000, 0.0, 4785.21142578125
15746, -675.2713141441345, 1, 6.302850605999993, 343, 3181180,                                             1000000, 0.0, 4031.276123046875
15747, -657.5570102930069, 1, 6.305668655999398, 345, 3181525,                                             1000000, 0.0, 5457.76318359375
15748, -1568.9233465194702, 1, 6.904825853000148, 387, 3181912,                                             1000000, 0.0, 3584.8828125
15749, -6261.149299860001, 2, 6.303546577999441, 346, 3182258,                                             1000000, 0.0, 7306.419921875
15750, -5211.454537034035, 2, 6.10343177499999, 330, 3182588,                                             1000000, 0.0, 6977.4736328125
15751, -5090.907810211182, 2, 4.789254830000573, 266, 3182854,                                             1000000, 0.0, 6921.70458984375
15752, -426.42895421385765, 1, 5.921751452000535, 334, 3183188,                                             1000000, 0.0, 8045.15576171875
15753, -1269.3706656694412, 1, 6.9034597119989485, 377, 3183565,                                             1000000, 0.0, 6366.53662109375
15754, -1125.5799013376236, 1, 6.706545412998821, 374, 3183939,                                             1000000, 0.0, 7345.50341796875
15755, -5389.247685074806, 2, 5.702765030000592, 318, 3184257,                                             1000000, 0.0, 7313.51416015625
15756, -560.0081361532211, 1, 6.523155848999522, 366, 3184623,                                             1000000, 0.0, 5047.09619140625
15757, -999.9961823821068, 1, 6.700710872000855, 369, 3184992,                                             1000000, 0.0, 8851.6923828125
15758, -4062.914742052555, 2, 5.520815683001274, 313, 3185305,                                             1000000, 0.0, 5245.06005859375
